1	15370246	1	8	15370246	15370246	金卡
1	15370248	1	8	15370248	15370248	金卡
1	15370249	1	8	15370249	15370249	金卡
1	15370267	1	8	15370267	15370267	白金卡
1	15370286	1	8	15370286	15370286	金卡
1	15370289	1	8	15370289	15370289	金卡
1	15374738	1	8	15374738	15374738	钻石卡
1	15374739	1	8	15374739	15374739	白金卡
1	15377153	1	8	15377153	15377153	金卡
1	15377155	1	8	15377155	15377155	白金卡
1	15377158	1	8	15377158	15377158	钻石卡
1	15377187	1	8	15377187	15377187	白金卡
1	15377677	1	8	15377677	15377677	钻石卡
1	16356391	1	8	16356391	16356391	金卡
1	16356392	1	8	16356392	16356392	白金卡
1	16356833	1	8	16356833	16356833	金卡
1	16356851	1	8	16356851	16356851	金卡
1	16356852	1	8	16356852	16356852	白金卡
1	16356857	1	8	16356857	16356857	金卡
1	16356858	1	8	16356858	16356858	白金卡
1	16356864	1	8	16356864	16356864	金卡
1	16356865	1	8	16356865	16356865	金卡
1	16356866	1	8	16356866	16356866	白金卡
1	16356868	1	8	16356868	16356868	金卡
1	16356881	1	8	16356881	16356881	金卡
1	16356882	1	8	16356882	16356882	金卡
1	16356896	1	8	16356896	16356896	金卡
1	16356899	1	8	16356899	16356899	白金卡
1	16370246	1	8	16370246	16370246	金卡
1	16370248	1	8	16370248	16370248	金卡
1	16370249	1	8	16370249	16370249	金卡
1	16377677	1	8	16377677	16377677	钻石卡
1	16403393	1	8	16403393	16403393	白金卡
1	16404159	1	8	16404159	16404159	白金卡
1	16404173	1	8	16404173	16404173	白金卡
1	16404739	1	8	16404739	16404739	金卡
1	16409670	1	8	16409670	16409670	白金卡
1	16410062	1	8	16410062	16410062	白金卡
1	16421871	1	8	16421871	16421871	白金卡
1	16422160	1	8	16422160	16422160	金卡
1	16422161	1	8	16422161	16422161	白金卡
1	16425862	1	8	16425862	16425862	钻石卡
1	16434061	1	8	16434061	16434061	金卡
1	16434062	1	8	16434062	16434062	白金卡
1	16434910	1	8	16434910	16434910	白金卡
1	16436748	1	8	16436748	16436748	金卡
1	16438126	1	8	16438126	16438126	白金卡
1	16439188	1	8	16439188	16439188	白金卡
1	16442730	1	8	16442730	16442730	白金卡
1	16458441	1	8	16458441	16458441	白金卡
1	16463758	1	8	16463758	16463758	白金卡
1	16464580	1	8	16464580	16464580	钻石卡
1	16464581	1	8	16464581	16464581	白金卡
1	16472068	1	8	16472068	16472068	钻石卡
1	16481699	1	8	16481699	16481699	白金卡
1	16483536	1	8	16483536	16483536	白金卡
1	16486494	1	8	16486494	16486494	金卡
1	16486861	1	8	16486861	16486861	白金卡
1	16487013	1	8	16487013	16487013	白金卡
1	16489592	1	8	16489592	16489592	白金卡
1	16491031	1	8	16491031	16491031	金卡
1	16498451	1	8	16498451	16498451	白金卡
1	16514027	1	8	16514027	16514027	白金卡
1	16514906	1	8	16514906	16514906	白金卡
1	16514958	1	8	16514958	16514958	白金卡
1	16515672	1	8	16515672	16515672	白金卡
1	16517650	1	8	16517650	16517650	金卡
1	16518718	1	8	16518718	16518718	金卡
1	16519961	1	8	16519961	16519961	钻石卡
1	16520131	1	8	16520131	16520131	金卡
1	16522001	1	8	16522001	16522001	金卡
1	16522964	1	8	16522964	16522964	白金卡
1	16523959	1	8	16523959	16523959	白金卡
1	16524011	1	8	16524011	16524011	白金卡
1	16524031	1	8	16524031	16524031	白金卡
1	16524047	1	8	16524047	16524047	白金卡
1	16524374	1	8	16524374	16524374	白金卡
1	16528057	1	8	16528057	16528057	白金卡
1	16528708	1	8	16528708	16528708	金卡
1	16528709	1	8	16528709	16528709	金卡
1	16528931	1	8	16528931	16528931	白金卡
1	16528948	1	8	16528948	16528948	白金卡
1	16531659	1	8	16531659	16531659	白金卡
1	16531693	1	8	16531693	16531693	白金卡
1	16532458	1	8	16532458	16532458	金卡
1	16543098	1	8	16543098	16543098	白金卡
1	16544033	1	8	16544033	16544033	金卡
1	16544243	1	8	16544243	16544243	金卡
1	16544887	1	8	16544887	16544887	金卡
1	16548478	1	8	16548478	16548478	金卡
1	16548943	1	8	16548943	16548943	金卡
1	16549633	1	8	16549633	16549633	金卡
1	16550213	1	8	16550213	16550213	金卡
1	16552245	1	8	16552245	16552245	白金卡
1	16552288	1	8	16552288	16552288	钻石卡
1	16553131	1	8	16553131	16553131	白金卡
1	16557060	1	8	16557060	16557060	金卡
1	16557080	1	8	16557080	16557080	白金卡
1	16557108	1	8	16557108	16557108	白金卡
1	16621013	1	8	16621013	16621013	白金卡
1	16621080	1	8	16621080	16621080	钻石卡
1	16621259	1	8	16621259	16621259	白金卡
1	16621261	1	8	16621261	16621261	金卡
1	16621262	1	8	16621262	16621262	白金卡
1	16621286	1	8	16621286	16621286	白金卡
1	16621294	1	8	16621294	16621294	金卡
1	16621340	1	8	16621340	16621340	白金卡
1	16621341	1	8	16621341	16621341	金卡
1	16621343	1	8	16621343	16621343	金卡
1	16621364	1	8	16621364	16621364	金卡
1	16621395	1	8	16621395	16621395	金卡
1	16621466	1	8	16621466	16621466	白金卡
1	16621485	1	8	16621485	16621485	金卡
1	16621486	1	8	16621486	16621486	白金卡
1	16621488	1	8	16621488	16621488	钻石卡
1	16621490	1	8	16621490	16621490	白金卡
1	16621491	1	8	16621491	16621491	金卡
1	16621499	1	8	16621499	16621499	金卡
1	16621690	1	8	16621690	16621690	钻石卡
1	16621767	1	8	16621767	16621767	白金卡
1	16621768	1	8	16621768	16621768	白金卡
1	16621769	1	8	16621769	16621769	钻石卡
1	16621772	1	8	16621772	16621772	金卡
1	16621773	1	8	16621773	16621773	金卡
1	16621793	1	8	16621793	16621793	金卡
1	16621795	1	8	16621795	16621795	白金卡
1	16621796	1	8	16621796	16621796	钻石卡
1	16622145	1	8	16622145	16622145	钻石卡
1	16622148	1	8	16622148	16622148	金卡
1	16622155	1	8	16622155	16622155	金卡
1	16622161	1	8	16622161	16622161	金卡
1	16622168	1	8	16622168	16622168	金卡
1	16622176	1	8	16622176	16622176	金卡
1	16622206	1	8	16622206	16622206	白金卡
1	16622227	1	8	16622227	16622227	钻石卡
1	16622228	1	8	16622228	16622228	白金卡
1	16622229	1	8	16622229	16622229	白金卡
1	16622235	1	8	16622235	16622235	金卡
1	16622236	1	8	16622236	16622236	金卡
1	16622245	1	8	16622245	16622245	金卡
1	16622246	1	8	16622246	16622246	金卡
1	16622253	1	8	16622253	16622253	金卡
1	16622268	1	8	16622268	16622268	金卡
1	16622285	1	8	16622285	16622285	金卡
1	16622294	1	8	16622294	16622294	白金卡
1	16622295	1	8	16622295	16622295	金卡
1	16622296	1	8	16622296	16622296	白金卡
1	16622299	1	8	16622299	16622299	钻石卡
1	16622346	1	8	16622346	16622346	金卡
1	16622349	1	8	16622349	16622349	金卡
1	16622352	1	8	16622352	16622352	金卡
1	16622354	1	8	16622354	16622354	白金卡
1	16622356	1	8	16622356	16622356	白金卡
1	16622361	1	8	16622361	16622361	金卡
1	16622371	1	8	16622371	16622371	金卡
1	16622372	1	8	16622372	16622372	白金卡
1	16622377	1	8	16622377	16622377	金卡
1	16622378	1	8	16622378	16622378	白金卡
1	16622380	1	8	16622380	16622380	钻石卡
1	16622386	1	8	16622386	16622386	钻石卡
1	16622433	1	8	16622433	16622433	白金卡
1	16622453	1	8	16622453	16622453	金卡
1	16622472	1	8	16622472	16622472	金卡
1	16622475	1	8	16622475	16622475	白金卡
1	16622479	1	8	16622479	16622479	白金卡
1	16622480	1	8	16622480	16622480	白金卡
1	16622482	1	8	16622482	16622482	白金卡
1	16622483	1	8	16622483	16622483	金卡
1	16622518	1	8	16622518	16622518	钻石卡
1	16622519	1	8	16622519	16622519	白金卡
1	16622523	1	8	16622523	16622523	金卡
1	16622535	1	8	16622535	16622535	金卡
1	16622539	1	8	16622539	16622539	白金卡
1	16622550	1	8	16622550	16622550	金卡
1	16622555	1	8	16622555	16622555	金卡
1	16622557	1	8	16622557	16622557	金卡
1	16622558	1	8	16622558	16622558	白金卡
1	16622560	1	8	16622560	16622560	白金卡
1	16622572	1	8	16622572	16622572	白金卡
1	16622573	1	8	16622573	16622573	白金卡
1	16622576	1	8	16622576	16622576	金卡
1	16622591	1	8	16622591	16622591	金卡
1	16622592	1	8	16622592	16622592	金卡
1	16622597	1	8	16622597	16622597	金卡
1	16622599	1	8	16622599	16622599	白金卡
1	16622600	1	8	16622600	16622600	金卡
1	16622608	1	8	16622608	16622608	白金卡
1	16622609	1	8	16622609	16622609	金卡
1	16622610	1	8	16622610	16622610	白金卡
1	16622616	1	8	16622616	16622616	金卡
1	16622618	1	8	16622618	16622618	钻石卡
1	16622621	1	8	16622621	16622621	白金卡
1	16622623	1	8	16622623	16622623	金卡
1	16622626	1	8	16622626	16622626	金卡
1	16622637	1	8	16622637	16622637	金卡
1	16622638	1	8	16622638	16622638	白金卡
1	16622655	1	8	16622655	16622655	白金卡
1	16622656	1	8	16622656	16622656	白金卡
1	16622657	1	8	16622657	16622657	白金卡
1	16622658	1	8	16622658	16622658	金卡
1	16622659	1	8	16622659	16622659	金卡
1	16622661	1	8	16622661	16622661	金卡
1	16622663	1	8	16622663	16622663	白金卡
1	16622673	1	8	16622673	16622673	钻石卡
1	16622675	1	8	16622675	16622675	金卡
1	16622676	1	8	16622676	16622676	白金卡
1	16622677	1	8	16622677	16622677	钻石卡
1	16622686	1	8	16622686	16622686	白金卡
1	16622687	1	8	16622687	16622687	钻石卡
1	16622688	1	8	16622688	16622688	白金卡
1	16622689	1	8	16622689	16622689	金卡
1	16622693	1	8	16622693	16622693	金卡
1	16622698	1	8	16622698	16622698	白金卡
1	16622708	1	8	16622708	16622708	白金卡
1	16622753	1	8	16622753	16622753	金卡
1	16622754	1	8	16622754	16622754	金卡
1	16622757	1	8	16622757	16622757	金卡
1	16622767	1	8	16622767	16622767	金卡
1	16622768	1	8	16622768	16622768	白金卡
1	16622778	1	8	16622778	16622778	白金卡
1	16622788	1	8	16622788	16622788	白金卡
1	16622790	1	8	16622790	16622790	白金卡
1	16622801	1	8	16622801	16622801	白金卡
1	16622806	1	8	16622806	16622806	钻石卡
1	16622811	1	8	16622811	16622811	金卡
1	16622812	1	8	16622812	16622812	白金卡
1	16622836	1	8	16622836	16622836	金卡
1	16622838	1	8	16622838	16622838	白金卡
1	16622839	1	8	16622839	16622839	钻石卡
1	16622852	1	8	16622852	16622852	白金卡
1	16622889	1	8	16622889	16622889	白金卡
1	16622911	1	8	16622911	16622911	金卡
1	16622912	1	8	16622912	16622912	白金卡
1	16622918	1	8	16622918	16622918	金卡
1	16622957	1	8	16622957	16622957	金卡
1	16622958	1	8	16622958	16622958	金卡
1	16622966	1	8	16622966	16622966	白金卡
1	16622988	1	8	16622988	16622988	金卡
1	16622989	1	8	16622989	16622989	白金卡
1	16622998	1	8	16622998	16622998	钻石卡
1	16622999	1	8	16622999	16622999	钻石卡
1	16623021	1	8	16623021	16623021	金卡
1	16623022	1	8	16623022	16623022	白金卡
1	16623023	1	8	16623023	16623023	钻石卡
1	16623126	1	8	16623126	16623126	钻石卡
1	16623136	1	8	16623136	16623136	钻石卡
1	16623155	1	8	16623155	16623155	钻石卡
1	16623157	1	8	16623157	16623157	金卡
1	16623158	1	8	16623158	16623158	白金卡
1	16623159	1	8	16623159	16623159	钻石卡
1	16623191	1	8	16623191	16623191	白金卡
1	16623192	1	8	16623192	16623192	钻石卡
1	16623270	1	8	16623270	16623270	金卡
1	16623347	1	8	16623347	16623347	钻石卡
1	16623379	1	8	16623379	16623379	白金卡
1	16624300	1	8	16624300	16624300	白金卡
1	16624302	1	8	16624302	16624302	白金卡
1	16624303	1	8	16624303	16624303	钻石卡
1	16624308	1	8	16624308	16624308	钻石卡
1	16624309	1	8	16624309	16624309	钻石卡
1	16624314	1	8	16624314	16624314	白金卡
1	16624326	1	8	16624326	16624326	白金卡
1	16624329	1	8	16624329	16624329	钻石卡
1	16624331	1	8	16624331	16624331	白金卡
1	16624332	1	8	16624332	16624332	钻石卡
1	16624333	1	8	16624333	16624333	钻石卡
1	16624338	1	8	16624338	16624338	白金卡
1	16624339	1	8	16624339	16624339	白金卡
1	16624340	1	8	16624340	16624340	钻石卡
1	16624343	1	8	16624343	16624343	白金卡
1	16624344	1	8	16624344	16624344	白金卡
1	16624345	1	8	16624345	16624345	白金卡
1	16624346	1	8	16624346	16624346	白金卡
1	16624349	1	8	16624349	16624349	白金卡
1	16624350	1	8	16624350	16624350	白金卡
1	16624354	1	8	16624354	16624354	白金卡
1	16624372	1	8	16624372	16624372	白金卡
1	16624373	1	8	16624373	16624373	钻石卡
1	16624374	1	8	16624374	16624374	钻石卡
1	16624376	1	8	16624376	16624376	白金卡
1	16624378	1	8	16624378	16624378	白金卡
1	16624420	1	8	16624420	16624420	白金卡
1	16624424	1	8	16624424	16624424	钻石卡
1	16624446	1	8	16624446	16624446	钻石卡
1	16624498	1	8	16624498	16624498	钻石卡
1	16624499	1	8	16624499	16624499	钻石卡
1	16625002	1	8	16625002	16625002	金卡
1	16625003	1	8	16625003	16625003	金卡
1	16625006	1	8	16625006	16625006	金卡
1	16625008	1	8	16625008	16625008	钻石卡
1	16625009	1	8	16625009	16625009	钻石卡
1	16625010	1	8	16625010	16625010	白金卡
1	16625011	1	8	16625011	16625011	金卡
1	16625012	1	8	16625012	16625012	金卡
1	16625013	1	8	16625013	16625013	钻石卡
1	16625015	1	8	16625015	16625015	金卡
1	16625016	1	8	16625016	16625016	白金卡
1	16625018	1	8	16625018	16625018	金卡
1	16625019	1	8	16625019	16625019	白金卡
1	16625020	1	8	16625020	16625020	金卡
1	16625022	1	8	16625022	16625022	白金卡
1	16625023	1	8	16625023	16625023	金卡
1	16625025	1	8	16625025	16625025	金卡
1	16625026	1	8	16625026	16625026	白金卡
1	16625027	1	8	16625027	16625027	金卡
1	16625028	1	8	16625028	16625028	钻石卡
1	16625029	1	8	16625029	16625029	金卡
1	16625031	1	8	16625031	16625031	金卡
1	16625032	1	8	16625032	16625032	金卡
1	16625033	1	8	16625033	16625033	金卡
1	16625034	1	8	16625034	16625034	白金卡
1	16625035	1	8	16625035	16625035	钻石卡
1	16625039	1	8	16625039	16625039	金卡
1	16625040	1	8	16625040	16625040	白金卡
1	16625041	1	8	16625041	16625041	白金卡
1	16625042	1	8	16625042	16625042	白金卡
1	16625043	1	8	16625043	16625043	白金卡
1	16625044	1	8	16625044	16625044	白金卡
1	16625045	1	8	16625045	16625045	白金卡
1	16625046	1	8	16625046	16625046	白金卡
1	16625047	1	8	16625047	16625047	白金卡
1	16625048	1	8	16625048	16625048	白金卡
1	16625049	1	8	16625049	16625049	白金卡
1	16625051	1	8	16625051	16625051	金卡
1	16625053	1	8	16625053	16625053	白金卡
1	16625054	1	8	16625054	16625054	白金卡
1	16625055	1	8	16625055	16625055	白金卡
1	16625056	1	8	16625056	16625056	白金卡
1	16625057	1	8	16625057	16625057	白金卡
1	16625058	1	8	16625058	16625058	白金卡
1	16625059	1	8	16625059	16625059	白金卡
1	16625060	1	8	16625060	16625060	白金卡
1	16625061	1	8	16625061	16625061	白金卡
1	16625062	1	8	16625062	16625062	金卡
1	16625063	1	8	16625063	16625063	白金卡
1	16625064	1	8	16625064	16625064	白金卡
1	16625072	1	8	16625072	16625072	金卡
1	16625073	1	8	16625073	16625073	金卡
1	16625075	1	8	16625075	16625075	金卡
1	16625076	1	8	16625076	16625076	白金卡
1	16625078	1	8	16625078	16625078	金卡
1	16625079	1	8	16625079	16625079	金卡
1	16625085	1	8	16625085	16625085	金卡
1	16625086	1	8	16625086	16625086	金卡
1	16625087	1	8	16625087	16625087	金卡
1	16625091	1	8	16625091	16625091	钻石卡
1	16625092	1	8	16625092	16625092	钻石卡
1	16625093	1	8	16625093	16625093	白金卡
1	16625095	1	8	16625095	16625095	白金卡
1	16625098	1	8	16625098	16625098	钻石卡
1	16625107	1	8	16625107	16625107	钻石卡
1	16625115	1	8	16625115	16625115	白金卡
1	16625116	1	8	16625116	16625116	白金卡
1	16625118	1	8	16625118	16625118	白金卡
1	16625136	1	8	16625136	16625136	白金卡
1	16625137	1	8	16625137	16625137	白金卡
1	16625141	1	8	16625141	16625141	白金卡
1	16625142	1	8	16625142	16625142	金卡
1	16625143	1	8	16625143	16625143	白金卡
1	16625144	1	8	16625144	16625144	白金卡
1	16625145	1	8	16625145	16625145	白金卡
1	16625146	1	8	16625146	16625146	白金卡
1	16625147	1	8	16625147	16625147	白金卡
1	16625148	1	8	16625148	16625148	白金卡
1	16625161	1	8	16625161	16625161	金卡
1	16625162	1	8	16625162	16625162	白金卡
1	16625170	1	8	16625170	16625170	金卡
1	16625171	1	8	16625171	16625171	金卡
1	16625172	1	8	16625172	16625172	钻石卡
1	16625173	1	8	16625173	16625173	钻石卡
1	16625174	1	8	16625174	16625174	钻石卡
1	16625175	1	8	16625175	16625175	钻石卡
1	16625176	1	8	16625176	16625176	钻石卡
1	16625177	1	8	16625177	16625177	钻石卡
1	16625188	1	8	16625188	16625188	白金卡
1	16625196	1	8	16625196	16625196	白金卡
1	16625197	1	8	16625197	16625197	金卡
1	16625198	1	8	16625198	16625198	白金卡
1	16625199	1	8	16625199	16625199	白金卡
1	16625220	1	8	16625220	16625220	金卡
1	16625331	1	8	16625331	16625331	金卡
1	16625332	1	8	16625332	16625332	白金卡
1	16625333	1	8	16625333	16625333	金卡
1	16625335	1	8	16625335	16625335	金卡
1	16625336	1	8	16625336	16625336	金卡
1	16625337	1	8	16625337	16625337	金卡
1	16625338	1	8	16625338	16625338	白金卡
1	16625351	1	8	16625351	16625351	金卡
1	16625352	1	8	16625352	16625352	白金卡
1	16625356	1	8	16625356	16625356	白金卡
1	16625358	1	8	16625358	16625358	金卡
1	16625360	1	8	16625360	16625360	金卡
1	16625361	1	8	16625361	16625361	白金卡
1	16625362	1	8	16625362	16625362	金卡
1	16625363	1	8	16625363	16625363	白金卡
1	16625368	1	8	16625368	16625368	金卡
1	16625601	1	8	16625601	16625601	金卡
1	16625602	1	8	16625602	16625602	白金卡
1	16625650	1	8	16625650	16625650	金卡
1	16625651	1	8	16625651	16625651	金卡
1	16625652	1	8	16625652	16625652	金卡
1	16625655	1	8	16625655	16625655	白金卡
1	16625656	1	8	16625656	16625656	金卡
1	16625700	1	8	16625700	16625700	金卡
1	16625708	1	8	16625708	16625708	金卡
1	16625801	1	8	16625801	16625801	白金卡
1	16625803	1	8	16625803	16625803	金卡
1	16625810	1	8	16625810	16625810	白金卡
1	16625812	1	8	16625812	16625812	金卡
1	16625813	1	8	16625813	16625813	金卡
1	16625823	1	8	16625823	16625823	金卡
1	16625825	1	8	16625825	16625825	白金卡
1	16625826	1	8	16625826	16625826	金卡
1	16625829	1	8	16625829	16625829	白金卡
1	16625831	1	8	16625831	16625831	金卡
1	16625833	1	8	16625833	16625833	白金卡
1	16625858	1	8	16625858	16625858	白金卡
1	16625859	1	8	16625859	16625859	金卡
1	16625865	1	8	16625865	16625865	金卡
1	16625866	1	8	16625866	16625866	白金卡
1	16625900	1	8	16625900	16625900	白金卡
1	16625906	1	8	16625906	16625906	金卡
1	16625907	1	8	16625907	16625907	白金卡
1	16625908	1	8	16625908	16625908	白金卡
1	16625909	1	8	16625909	16625909	金卡
1	16625912	1	8	16625912	16625912	金卡
1	16625916	1	8	16625916	16625916	白金卡
1	16625940	1	8	16625940	16625940	白金卡
1	16625945	1	8	16625945	16625945	白金卡
1	16625953	1	8	16625953	16625953	金卡
1	16625957	1	8	16625957	16625957	金卡
1	16625958	1	8	16625958	16625958	白金卡
1	16625961	1	8	16625961	16625961	金卡
1	16625962	1	8	16625962	16625962	白金卡
1	16625963	1	8	16625963	16625963	钻石卡
1	16625965	1	8	16625965	16625965	金卡
1	16625968	1	8	16625968	16625968	金卡
1	16625970	1	8	16625970	16625970	白金卡
1	16625971	1	8	16625971	16625971	金卡
1	16625976	1	8	16625976	16625976	金卡
1	16625977	1	8	16625977	16625977	白金卡
1	16625979	1	8	16625979	16625979	金卡
1	16625980	1	8	16625980	16625980	白金卡
1	16625981	1	8	16625981	16625981	钻石卡
1	16625993	1	8	16625993	16625993	白金卡
1	16625996	1	8	16625996	16625996	金卡
1	16625997	1	8	16625997	16625997	金卡
1	16625998	1	8	16625998	16625998	白金卡
1	16625999	1	8	16625999	16625999	钻石卡
1	16627067	1	8	16627067	16627067	金卡
1	16627068	1	8	16627068	16627068	白金卡
1	16627069	1	8	16627069	16627069	钻石卡
1	16628202	1	8	16628202	16628202	金卡
1	16628207	1	8	16628207	16628207	金卡
1	16628208	1	8	16628208	16628208	金卡
1	16628209	1	8	16628209	16628209	白金卡
1	16628212	1	8	16628212	16628212	金卡
1	16628214	1	8	16628214	16628214	金卡
1	16628218	1	8	16628218	16628218	金卡
1	16628220	1	8	16628220	16628220	金卡
1	16628222	1	8	16628222	16628222	金卡
1	16628230	1	8	16628230	16628230	金卡
1	16628255	1	8	16628255	16628255	金卡
1	16628258	1	8	16628258	16628258	金卡
1	16628260	1	8	16628260	16628260	金卡
1	16628268	1	8	16628268	16628268	金卡
1	16628269	1	8	16628269	16628269	金卡
1	16628270	1	8	16628270	16628270	金卡
1	16628280	1	8	16628280	16628280	金卡
1	16628281	1	8	16628281	16628281	钻石卡
1	16628282	1	8	16628282	16628282	白金卡
1	16628286	1	8	16628286	16628286	金卡
1	16628288	1	8	16628288	16628288	金卡
1	16628290	1	8	16628290	16628290	金卡
1	16628299	1	8	16628299	16628299	白金卡
1	16628301	1	8	16628301	16628301	金卡
1	16628312	1	8	16628312	16628312	金卡
1	16628313	1	8	16628313	16628313	白金卡
1	16628318	1	8	16628318	16628318	金卡
1	16628326	1	8	16628326	16628326	金卡
1	16628332	1	8	16628332	16628332	金卡
1	16628345	1	8	16628345	16628345	金卡
1	16628346	1	8	16628346	16628346	金卡
1	16628359	1	8	16628359	16628359	金卡
1	16628362	1	8	16628362	16628362	金卡
1	16628366	1	8	16628366	16628366	金卡
1	16628367	1	8	16628367	16628367	金卡
1	16628368	1	8	16628368	16628368	金卡
1	16628371	1	8	16628371	16628371	金卡
1	16628372	1	8	16628372	16628372	白金卡
1	16628379	1	8	16628379	16628379	金卡
1	16628388	1	8	16628388	16628388	金卡
1	17622511	1	8	17622511	17622511	白金卡
1	17622512	1	8	17622512	17622512	白金卡
1	17622513	1	8	17622513	17622513	钻石卡
1	17623397	1	8	17623397	17623397	钻石卡
1	18622267	1	8	18622267	18622267	白金卡
1	18622276	1	8	18622276	18622276	金卡
1	18622278	1	8	18622278	18622278	白金卡
1	18622279	1	8	18622279	18622279	白金卡
1	18622981	1	8	18622981	18622981	金卡
1	18623183	1	8	18623183	18623183	钻石卡
1	18623185	1	8	18623185	18623185	金卡
1	19621066	1	8	19621066	19621066	白金卡
1	19621068	1	8	19621068	19621068	金卡
1	19621076	1	8	19621076	19621076	白金卡
1	19621095	1	8	19621095	19621095	金卡
1	19621218	1	8	19621218	19621218	白金卡
1	19621227	1	8	19621227	19621227	金卡
1	19621288	1	8	19621288	19621288	白金卡
1	19621476	1	8	19621476	19621476	金卡
1	19621568	1	8	19621568	19621568	金卡
1	19621662	1	8	19621662	19621662	金卡
1	19621666	1	8	19621666	19621666	金卡
1	19621668	1	8	19621668	19621668	白金卡
1	19621733	1	8	19621733	19621733	金卡
1	19621786	1	8	19621786	19621786	金卡
1	19621788	1	8	19621788	19621788	白金卡
1	19621789	1	8	19621789	19621789	钻石卡
1	19621798	1	8	19621798	19621798	金卡
1	19622152	1	8	19622152	19622152	金卡
1	19622196	1	8	19622196	19622196	白金卡
1	19622198	1	8	19622198	19622198	金卡
1	19622199	1	8	19622199	19622199	白金卡
1	19622208	1	8	19622208	19622208	金卡
1	19622273	1	8	19622273	19622273	金卡
1	19622274	1	8	19622274	19622274	金卡
1	19622509	1	8	19622509	19622509	白金卡
1	19622561	1	8	19622561	19622561	白金卡
1	19622562	1	8	19622562	19622562	金卡
1	19622683	1	8	19622683	19622683	金卡
1	19622845	1	8	19622845	19622845	金卡
1	19622849	1	8	19622849	19622849	钻石卡
1	19622929	1	8	19622929	19622929	金卡
1	19622930	1	8	19622930	19622930	金卡
1	19622931	1	8	19622931	19622931	金卡
1	19622996	1	8	19622996	19622996	金卡
1	19623137	1	8	19623137	19623137	钻石卡
1	19623176	1	8	19623176	19623176	白金卡
1	19623184	1	8	19623184	19623184	金卡
1	19623207	1	8	19623207	19623207	金卡
1	19623208	1	8	19623208	19623208	金卡
1	19623219	1	8	19623219	19623219	金卡
1	19623229	1	8	19623229	19623229	金卡
1	19623250	1	8	19623250	19623250	金卡
1	19623260	1	8	19623260	19623260	金卡
1	19623272	1	8	19623272	19623272	白金卡
1	19623569	1	8	19623569	19623569	白金卡
1	19623572	1	8	19623572	19623572	金卡
1	19623573	1	8	19623573	19623573	白金卡
1	19623575	1	8	19623575	19623575	钻石卡
1	19623586	1	8	19623586	19623586	钻石卡
1	19623698	1	8	19623698	19623698	白金卡
1	19623699	1	8	19623699	19623699	钻石卡
1	19624387	1	8	19624387	19624387	钻石卡
1	19624388	1	8	19624388	19624388	钻石卡
2	16621014	9	1	0	1	普卡
2	16621014	9	1	2	2	金卡
2	16621014	9	1	3	3	白金卡
2	16621014	9	1	4	4	钻石卡
2	16621030	9	1	5	9	普卡
2	16621030	9	1	0	0	普卡
2	16621030	9	4	3600	3630	白金卡
2	16621063	9	3	0	887	白金卡
2	16621063	9	3	889	999	白金卡
2	16621063	9	3	888	888	钻石卡
2	16621065	9	2	77	77	金卡
2	16621065	9	2	31	31	白金卡
2	16621065	9	2	88	88	钻石卡
2	16621201	9	1	2	2	金卡
2	16621201	9	1	6	6	白金卡
2	16621201	9	1	8	8	钻石卡
2	16621244	11	1	9	9	钻石卡
2	16621245	9	1	7	7	金卡
2	16621245	9	1	6	6	白金卡
2	16621245	9	1	8	8	钻石卡
2	16621252	11	3	100	999	普卡
2	16621252	11	3	0	97	金卡
2	16621252	11	3	98	98	白金卡
2	16621252	11	3	99	99	钻石卡
2	16621258	9	1	3	3	金卡
2	16621258	9	1	6	6	白金卡
2	16621258	9	1	8	8	钻石卡
2	16621277	9	1	2	2	金卡
2	16621277	9	1	8	8	白金卡
2	16621287	9	1	6	6	金卡
2	16621367	9	2	20	20	普卡
2	16621367	9	2	10	10	金卡
2	16621370	9	2	20	20	普卡
2	16621370	9	2	10	10	金卡
2	16621371	9	2	20	20	普卡
2	16621371	9	2	10	10	金卡
2	16621376	9	2	20	20	普卡
2	16621376	9	2	10	10	金卡
2	16621377	9	2	20	20	普卡
2	16621377	9	2	10	10	金卡
2	16621378	9	2	20	20	普卡
2	16621378	9	2	10	10	金卡
2	16621399	12	1	2	2	金卡
2	16621399	12	1	6	6	白金卡
2	16621399	12	1	8	8	钻石卡
2	16621423	9	2	10	10	金卡
2	16621427	9	2	10	10	金卡
2	16621428	9	2	10	10	金卡
2	16621429	9	2	10	10	金卡
2	16621433	9	2	10	10	金卡
2	16621434	9	2	10	10	金卡
2	16621445	9	1	8	8	钻石卡
2	16621453	12	1	7	7	金卡
2	16621453	12	1	8	8	白金卡
2	16621453	12	1	9	9	钻石卡
2	16621464	9	2	10	10	金卡
2	16621497	9	2	77	77	金卡
2	16621497	9	2	66	66	白金卡
2	16621497	9	2	88	88	钻石卡
2	16621642	9	1	6	9	金卡
2	16621645	9	1	4	4	金卡
2	16621649	9	1	3	3	白金卡
2	16621680	12	1	3	3	金卡
2	16621680	12	1	6	6	白金卡
2	16621680	12	1	8	8	钻石卡
2	16621730	9	2	10	10	金卡
2	16621734	9	2	20	20	普卡
2	16621734	9	2	10	10	金卡
2	16621749	9	2	70	70	普卡
2	16621749	9	2	80	80	普卡
2	16621749	9	2	78	78	金卡
2	16621749	9	2	88	88	金卡
2	16621764	9	2	20	20	普卡
2	16621764	9	2	10	10	金卡
2	16622128	9	9	664400000	669999999	金卡
2	16622128	9	9	662800000	664299999	白金卡
2	16622128	9	9	664300000	664399999	钻石卡
2	16622132	9	2	11	11	普卡
2	16622132	9	2	1	1	普卡
2	16622132	9	2	60	60	金卡
2	16622132	9	2	80	80	白金卡
2	16622134	9	2	26	26	金卡
2	16622134	9	2	32	32	金卡
2	16622134	9	2	52	52	金卡
2	16622134	9	2	62	62	金卡
2	16622134	9	2	33	33	白金卡
2	16622134	9	2	53	53	白金卡
2	16622134	9	2	27	27	白金卡
2	16622134	9	2	58	58	白金卡
2	16622134	9	2	63	63	白金卡
2	16622134	9	2	34	34	钻石卡
2	16622134	9	2	28	28	钻石卡
2	16622134	9	2	55	55	钻石卡
2	16622134	9	2	64	64	钻石卡
2	16622140	9	1	8	8	白金卡
2	16622141	9	2	77	77	金卡
2	16622141	9	2	88	88	白金卡
2	16622141	9	2	99	99	钻石卡
2	16622157	9	2	0	0	白金卡
2	16622157	9	2	99	99	钻石卡
2	16622163	9	2	91	97	金卡
2	16622163	9	2	98	99	白金卡
2	16622178	11	1	3	4	金卡
2	16622178	11	1	5	6	白金卡
2	16622178	11	1	7	8	钻石卡
2	16622179	9	1	5	6	金卡
2	16622179	9	1	7	7	白金卡
2	16622179	9	1	8	8	钻石卡
2	16622218	9	3	800	879	普卡
2	16622218	9	3	600	600	普卡
2	16622218	9	3	660	669	金卡
2	16622218	9	3	880	885	金卡
2	16622218	9	3	180	185	金卡
2	16622218	9	3	166	166	金卡
2	16622218	9	3	890	897	白金卡
2	16622218	9	3	186	187	白金卡
2	16622218	9	3	168	168	白金卡
2	16622218	9	3	680	680	白金卡
2	16622218	9	3	898	899	钻石卡
2	16622218	9	3	690	690	钻石卡
2	16622218	9	3	188	189	钻石卡
2	16622218	9	3	169	169	钻石卡
2	16622266	9	3	0	0	金卡
2	16622266	9	3	388	388	金卡
2	16622266	9	3	100	100	金卡
2	16622266	9	3	551	551	金卡
2	16622266	9	3	552	552	白金卡
2	16622266	9	3	889	889	白金卡
2	16622266	9	3	888	888	白金卡
2	16622270	9	2	98	98	金卡
2	16622270	9	2	0	0	白金卡
2	16622270	9	2	2	2	白金卡
2	16622270	9	2	12	12	白金卡
2	16622270	9	2	16	16	白金卡
2	16622270	9	2	58	58	白金卡
2	16622275	9	2	7	7	金卡
2	16622275	9	2	17	17	金卡
2	16622275	9	2	8	8	白金卡
2	16622275	9	2	18	18	白金卡
2	16622275	9	2	19	19	钻石卡
2	16622275	9	2	9	9	钻石卡
2	16622282	9	3	200	999	金卡
2	16622283	9	3	0	0	金卡
2	16622283	9	3	11	11	金卡
2	16622283	9	3	22	22	金卡
2	16622283	9	3	40	42	金卡
2	16622283	9	3	32	32	金卡
2	16622283	9	3	36	36	金卡
2	16622283	9	3	37	39	白金卡
2	16622283	9	3	6	6	钻石卡
2	16622283	9	3	33	33	钻石卡
2	16622283	9	3	12	12	钻石卡
2	16622283	9	3	21	21	钻石卡
2	16622286	9	3	505	505	金卡
2	16622286	9	3	100	100	金卡
2	16622286	9	3	500	500	金卡
2	16622286	9	3	502	502	金卡
2	16622286	9	3	666	669	金卡
2	16622286	9	3	886	888	金卡
2	16622287	9	2	13	13	金卡
2	16622287	9	2	21	21	金卡
2	16622287	9	2	61	61	金卡
2	16622287	9	2	90	99	金卡
2	16622287	9	2	11	11	白金卡
2	16622287	9	2	22	22	白金卡
2	16622287	9	2	62	62	白金卡
2	16622287	9	2	88	88	白金卡
2	16622287	9	2	23	23	钻石卡
2	16622287	9	2	63	63	钻石卡
2	16622287	9	2	77	77	钻石卡
2	16622288	11	1	1	7	普卡
2	16622288	11	1	8	9	金卡
2	16622288	11	1	0	0	金卡
2	16622289	9	3	161	161	金卡
2	16622289	9	3	200	300	金卡
2	16622289	9	3	60	160	金卡
2	16622289	9	3	880	889	金卡
2	16622289	9	3	162	162	白金卡
2	16622290	9	3	860	899	白金卡
2	16622303	9	2	10	11	金卡
2	16622303	9	2	30	34	金卡
2	16622303	9	2	60	60	金卡
2	16622303	9	2	18	19	金卡
2	16622303	9	2	12	17	白金卡
2	16622305	11	1	9	9	白金卡
2	16622315	9	3	11	11	金卡
2	16622315	9	3	13	13	金卡
2	16622315	9	3	26	26	金卡
2	16622315	9	3	28	28	金卡
2	16622315	9	3	31	31	金卡
2	16622315	9	3	33	33	金卡
2	16622315	9	3	40	40	金卡
2	16622315	9	3	42	42	金卡
2	16622315	9	3	44	44	金卡
2	16622315	9	3	46	46	金卡
2	16622315	9	3	51	51	金卡
2	16622315	9	3	53	53	金卡
2	16622315	9	3	60	61	金卡
2	16622315	9	3	3	3	金卡
2	16622315	9	3	5	5	金卡
2	16622315	9	3	36	36	金卡
2	16622315	9	3	38	38	金卡
2	16622315	9	3	63	63	金卡
2	16622315	9	3	65	65	金卡
2	16622315	9	3	67	67	金卡
2	16622315	9	3	360	361	金卡
2	16622315	9	3	401	401	金卡
2	16622315	9	3	405	405	金卡
2	16622315	9	3	64	64	白金卡
2	16622315	9	3	66	66	白金卡
2	16622315	9	3	80	81	白金卡
2	16622315	9	3	68	68	白金卡
2	16622315	9	3	380	381	白金卡
2	16622315	9	3	880	883	白金卡
2	16622315	9	3	886	886	白金卡
2	16622315	9	3	888	888	白金卡
2	16622316	9	3	200	200	白金卡
2	16622316	9	3	180	180	白金卡
2	16622316	9	3	202	202	白金卡
2	16622316	9	3	203	203	钻石卡
2	16622318	9	3	350	399	金卡
2	16622318	9	3	620	624	金卡
2	16622318	9	3	690	699	金卡
2	16622318	9	3	710	799	金卡
2	16622318	9	3	100	199	白金卡
2	16622321	9	1	0	0	金卡
2	16622321	9	1	7	7	白金卡
2	16622321	9	1	8	8	钻石卡
2	16622322	9	1	8	8	金卡
2	16622322	9	1	3	3	白金卡
2	16622325	11	1	0	5	普卡
2	16622325	11	2	80	87	金卡
2	16622325	11	2	88	89	钻石卡
2	16622335	9	2	0	49	普卡
2	16622335	9	9	500000001	500012000	普卡
2	16622335	9	2	80	89	金卡
2	16622335	9	9	510000001	510008000	金卡
2	16622335	9	2	90	98	白金卡
2	16622335	9	2	99	99	钻石卡
2	16622385	9	2	16	16	金卡
2	16622385	9	2	77	77	白金卡
2	16622385	9	2	85	85	白金卡
2	16622385	9	2	88	88	白金卡
2	16622385	9	2	66	66	白金卡
2	16622385	9	2	99	99	钻石卡
2	16622389	9	3	12	12	金卡
2	16622389	9	3	161	161	金卡
2	16622389	9	3	1	1	白金卡
2	16622389	9	3	280	289	白金卡
2	16622389	9	3	160	160	白金卡
2	16622389	9	3	8	8	钻石卡
2	16622389	9	3	880	889	钻石卡
2	16622391	9	2	20	20	金卡
2	16622391	9	2	21	21	白金卡
2	16622391	9	2	22	22	钻石卡
2	16622393	9	2	18	18	金卡
2	16622393	9	2	19	19	白金卡
2	16622413	9	10	671382986	671442970	白金卡
2	16622413	9	10	673188001	673189991	白金卡
2	16622413	9	10	673198000	673199990	白金卡
2	16622413	9	10	673225001	673226991	白金卡
2	16622413	9	10	673228005	673229995	白金卡
2	16622413	9	10	673998003	673999993	白金卡
2	16622413	9	10	673265007	673266997	钻石卡
2	16622413	9	10	673555001	673556991	钻石卡
2	16622413	9	10	671482984	671542977	钻石卡
2	16622413	9	10	673160000	673161990	钻石卡
2	16622413	9	10	673168003	673169993	钻石卡
2	16622413	9	10	673288009	673289999	钻石卡
2	16622415	9	2	0	0	普卡
2	16622415	9	2	11	11	金卡
2	16622416	9	1	4	6	金卡
2	16622416	9	1	7	8	白金卡
2	16622416	9	1	9	9	钻石卡
2	16622426	9	1	2	2	金卡
2	16622426	9	1	6	6	白金卡
2	16622427	9	1	1	1	普卡
2	16622427	9	1	7	7	白金卡
2	16622427	9	1	8	8	钻石卡
2	16622428	9	3	800	889	金卡
2	16622428	9	3	686	689	金卡
2	16622428	9	3	288	289	白金卡
2	16622428	9	3	281	282	白金卡
2	16622428	9	3	660	679	白金卡
2	16622441	9	2	80	80	金卡
2	16622441	9	2	88	88	白金卡
2	16622448	11	2	87	87	金卡
2	16622448	11	2	88	88	白金卡
2	16622449	9	2	5	5	金卡
2	16622449	9	2	6	6	白金卡
2	16622462	9	2	67	68	金卡
2	16622462	9	2	10	10	金卡
2	16622462	9	2	62	62	金卡
2	16622462	9	2	63	63	白金卡
2	16622462	9	2	66	66	钻石卡
2	16622466	9	3	669	669	金卡
2	16622466	9	3	880	889	金卡
2	16622466	9	3	271	271	白金卡
2	16622466	9	3	990	992	白金卡
2	16622469	9	3	800	809	金卡
2	16622476	9	2	88	88	金卡
2	16622476	9	2	33	33	金卡
2	16622476	9	2	11	11	金卡
2	16622476	9	2	16	16	金卡
2	16622476	9	2	66	66	金卡
2	16622476	9	2	55	55	金卡
2	16622476	9	2	18	18	金卡
2	16622476	9	2	76	76	白金卡
2	16622476	9	2	68	68	钻石卡
2	16622481	9	2	88	88	金卡
2	16622481	9	2	2	2	白金卡
2	16622481	9	2	81	81	钻石卡
2	16622516	9	10	0	0	普卡
2	16622516	9	10	1	9999999999	白金卡
2	16622525	9	2	88	88	白金卡
2	16622525	9	2	85	85	白金卡
2	16622525	9	2	18	18	白金卡
2	16622533	11	1	6	6	金卡
2	16622533	11	1	8	8	白金卡
2	16622533	11	1	9	9	钻石卡
2	16622566	9	3	0	30	金卡
2	16622566	9	3	32	79	金卡
2	16622566	9	3	81	667	金卡
2	16622566	9	3	669	777	金卡
2	16622566	9	3	779	999	金卡
2	16622566	9	3	31	31	白金卡
2	16622566	9	3	80	80	白金卡
2	16622566	9	3	668	668	白金卡
2	16622566	9	3	778	778	白金卡
2	16622569	9	1	8	8	金卡
2	16622578	9	1	0	0	白金卡
2	16622578	9	1	8	9	钻石卡
2	16622583	9	2	1	1	白金卡
2	16622583	9	2	9	9	钻石卡
2	16622584	9	2	1	1	金卡
2	16622602	9	3	1	599	白金卡
2	16622602	9	3	700	999	白金卡
2	16622602	9	3	600	699	钻石卡
2	16622611	9	3	1	19	金卡
2	16622611	9	3	110	119	金卡
2	16622611	9	3	128	128	金卡
2	16622611	9	3	180	199	金卡
2	16622611	9	3	200	265	金卡
2	16622611	9	3	267	299	金卡
2	16622611	9	3	300	387	白金卡
2	16622611	9	3	500	699	白金卡
2	16622611	9	3	700	899	钻石卡
2	16622613	9	1	0	0	金卡
2	16622613	9	1	7	8	白金卡
2	16622631	9	3	16	16	白金卡
2	16622631	9	3	26	26	白金卡
2	16622631	9	3	36	36	白金卡
2	16622631	9	3	56	56	白金卡
2	16622631	9	3	66	66	白金卡
2	16622631	9	3	76	76	白金卡
2	16622631	9	3	86	86	白金卡
2	16622631	9	3	96	96	白金卡
2	16622631	9	3	106	106	白金卡
2	16622631	9	3	116	116	白金卡
2	16622631	9	3	126	126	白金卡
2	16622631	9	3	156	156	白金卡
2	16622631	9	3	166	166	白金卡
2	16622631	9	3	186	186	白金卡
2	16622631	9	3	176	176	白金卡
2	16622631	9	3	196	196	白金卡
2	16622631	9	3	206	206	白金卡
2	16622631	9	3	216	216	白金卡
2	16622631	9	3	226	226	白金卡
2	16622631	9	3	236	236	白金卡
2	16622631	9	3	266	266	白金卡
2	16622631	9	3	276	276	白金卡
2	16622631	9	3	286	286	白金卡
2	16622631	9	3	296	296	白金卡
2	16622631	9	3	306	306	白金卡
2	16622631	9	3	316	316	白金卡
2	16622631	9	3	326	326	白金卡
2	16622631	9	3	336	336	白金卡
2	16622631	9	3	356	356	白金卡
2	16622631	9	3	366	366	白金卡
2	16622631	9	3	376	376	白金卡
2	16622631	9	3	386	386	白金卡
2	16622631	9	3	396	396	白金卡
2	16622631	9	3	506	506	白金卡
2	16622631	9	3	516	516	白金卡
2	16622631	9	3	526	526	白金卡
2	16622631	9	3	536	536	白金卡
2	16622631	9	3	556	556	白金卡
2	16622631	9	3	566	566	白金卡
2	16622631	9	3	576	576	白金卡
2	16622631	9	3	586	586	白金卡
2	16622631	9	3	596	596	白金卡
2	16622631	9	3	706	706	白金卡
2	16622631	9	3	716	716	白金卡
2	16622631	9	3	726	726	白金卡
2	16622631	9	3	736	736	白金卡
2	16622631	9	3	756	756	白金卡
2	16622631	9	3	766	766	白金卡
2	16622631	9	3	776	776	白金卡
2	16622631	9	3	786	786	白金卡
2	16622631	9	3	796	796	白金卡
2	16622631	9	3	806	806	白金卡
2	16622631	9	3	816	816	白金卡
2	16622631	9	3	826	826	白金卡
2	16622631	9	3	836	836	白金卡
2	16622631	9	3	846	846	白金卡
2	16622631	9	3	856	856	白金卡
2	16622631	9	3	866	866	白金卡
2	16622631	9	3	876	876	白金卡
2	16622631	9	3	636	636	白金卡
2	16622631	9	3	646	646	白金卡
2	16622631	9	3	656	656	白金卡
2	16622631	9	3	666	666	白金卡
2	16622631	9	3	676	676	白金卡
2	16622631	9	3	686	686	白金卡
2	16622631	9	3	18	18	钻石卡
2	16622631	9	3	28	28	钻石卡
2	16622631	9	3	38	38	钻石卡
2	16622631	9	3	58	58	钻石卡
2	16622631	9	3	68	68	钻石卡
2	16622631	9	3	78	78	钻石卡
2	16622631	9	3	88	88	钻石卡
2	16622631	9	3	98	98	钻石卡
2	16622631	9	3	108	108	钻石卡
2	16622631	9	3	118	118	钻石卡
2	16622631	9	3	128	128	钻石卡
2	16622631	9	3	158	158	钻石卡
2	16622631	9	3	168	168	钻石卡
2	16622631	9	3	178	178	钻石卡
2	16622631	9	3	188	188	钻石卡
2	16622631	9	3	198	198	钻石卡
2	16622631	9	3	208	208	钻石卡
2	16622631	9	3	218	218	钻石卡
2	16622631	9	3	228	228	钻石卡
2	16622631	9	3	238	238	钻石卡
2	16622631	9	3	268	268	钻石卡
2	16622631	9	3	278	278	钻石卡
2	16622631	9	3	288	288	钻石卡
2	16622631	9	3	298	298	钻石卡
2	16622631	9	3	308	308	钻石卡
2	16622631	9	3	318	318	钻石卡
2	16622631	9	3	328	328	钻石卡
2	16622631	9	3	338	338	钻石卡
2	16622631	9	3	358	358	钻石卡
2	16622631	9	3	368	368	钻石卡
2	16622631	9	3	378	378	钻石卡
2	16622631	9	3	388	388	钻石卡
2	16622631	9	3	398	398	钻石卡
2	16622631	9	3	508	508	钻石卡
2	16622631	9	3	518	518	钻石卡
2	16622631	9	3	528	528	钻石卡
2	16622631	9	3	538	538	钻石卡
2	16622631	9	3	558	558	钻石卡
2	16622631	9	3	568	568	钻石卡
2	16622631	9	3	578	578	钻石卡
2	16622631	9	3	588	588	钻石卡
2	16622631	9	3	598	598	钻石卡
2	16622631	9	3	708	708	钻石卡
2	16622631	9	3	718	718	钻石卡
2	16622631	9	3	728	728	钻石卡
2	16622631	9	3	738	738	钻石卡
2	16622631	9	3	758	758	钻石卡
2	16622631	9	3	768	768	钻石卡
2	16622631	9	3	778	778	钻石卡
2	16622631	9	3	788	788	钻石卡
2	16622631	9	3	798	798	钻石卡
2	16622631	9	3	808	808	钻石卡
2	16622631	9	3	818	818	钻石卡
2	16622631	9	3	828	828	钻石卡
2	16622631	9	3	838	838	钻石卡
2	16622631	9	3	848	848	钻石卡
2	16622631	9	3	858	858	钻石卡
2	16622631	9	3	868	868	钻石卡
2	16622631	9	3	878	878	钻石卡
2	16622631	9	3	638	638	钻石卡
2	16622631	9	3	648	648	钻石卡
2	16622631	9	3	658	658	钻石卡
2	16622631	9	3	668	668	钻石卡
2	16622631	9	3	678	678	钻石卡
2	16622631	9	3	688	688	钻石卡
2	16622648	9	1	8	8	金卡
2	16622651	9	3	0	9	白金卡
2	16622651	9	3	800	800	白金卡
2	16622651	9	3	900	900	白金卡
2	16622722	9	1	1	1	金卡
2	16622722	9	1	3	3	金卡
2	16622740	9	2	0	0	金卡
2	16622740	9	2	8	8	白金卡
2	16622740	9	2	9	9	钻石卡
2	16622777	9	2	77	77	金卡
2	16622777	9	2	97	97	金卡
2	16622777	9	2	66	66	白金卡
2	16622777	9	2	98	98	白金卡
2	16622777	9	2	88	88	钻石卡
2	16622777	9	2	99	99	钻石卡
2	16622789	9	1	0	8	白金卡
2	16622789	9	1	9	9	钻石卡
2	16622802	9	3	864	899	金卡
2	16622802	9	3	860	863	白金卡
2	16622802	9	3	988	999	白金卡
2	16622808	9	3	100	109	金卡
2	16622808	9	3	301	301	白金卡
2	16622808	9	3	600	605	白金卡
2	16622808	9	3	666	667	白金卡
2	16622808	9	3	670	674	白金卡
2	16622808	9	3	880	889	白金卡
2	16622808	9	3	990	991	钻石卡
2	16622809	9	3	288	288	金卡
2	16622809	9	3	666	666	金卡
2	16622809	9	3	777	777	金卡
2	16622809	9	3	880	880	金卡
2	16622809	9	3	888	888	金卡
2	16622809	9	3	999	999	金卡
2	16622809	9	3	338	338	金卡
2	16622809	9	3	966	966	金卡
2	16622809	9	3	618	618	金卡
2	16622809	9	3	339	339	白金卡
2	16622809	9	3	988	988	白金卡
2	16622809	9	3	668	668	白金卡
2	16622809	9	3	0	0	钻石卡
2	16622816	9	3	0	879	金卡
2	16622816	9	3	880	979	白金卡
2	16622816	9	3	980	999	钻石卡
2	16622817	9	9	333000002	333000221	白金卡
2	16622817	9	9	336000001	336000273	白金卡
2	16622817	9	9	337000001	337000356	白金卡
2	16622817	9	9	338000001	338000104	白金卡
2	16622817	9	9	339000001	339000107	白金卡
2	16622817	9	9	666000001	666000777	白金卡
2	16622817	9	9	999000009	999002061	白金卡
2	16622818	9	1	1	1	金卡
2	16622818	9	1	6	6	白金卡
2	16622818	9	1	9	9	钻石卡
2	16622851	9	2	0	80	金卡
2	16622853	9	2	60	99	金卡
2	16622856	9	2	7	7	金卡
2	16622856	9	2	8	8	钻石卡
2	16622860	9	2	13	13	金卡
2	16622860	9	2	52	52	金卡
2	16622860	9	2	5	10	白金卡
2	16622860	9	2	16	16	白金卡
2	16622860	9	2	21	21	白金卡
2	16622860	9	2	26	26	白金卡
2	16622860	9	2	28	28	白金卡
2	16622860	9	2	40	49	白金卡
2	16622860	9	2	69	69	白金卡
2	16622864	9	2	55	55	金卡
2	16622864	9	2	66	66	白金卡
2	16622864	9	2	88	88	钻石卡
2	16622880	9	4	8102	8103	白金卡
2	16622880	9	4	8101	8101	钻石卡
2	16622884	9	1	0	9	白金卡
2	16622886	9	2	0	0	普卡
2	16622886	9	2	88	88	金卡
2	16622888	9	1	0	0	普卡
2	16622888	9	1	2	2	金卡
2	16622899	9	2	0	17	金卡
2	16622899	9	2	19	29	金卡
2	16622899	9	2	18	18	白金卡
2	16622899	9	2	60	69	白金卡
2	16622899	9	2	80	89	钻石卡
2	16622900	9	3	680	689	白金卡
2	16622901	9	3	807	816	金卡
2	16622906	9	1	0	1	金卡
2	16622906	9	1	6	6	白金卡
2	16622906	9	1	8	8	钻石卡
2	16622919	9	2	0	98	白金卡
2	16622919	9	2	99	99	钻石卡
2	16622920	9	2	50	50	白金卡
2	16622921	9	2	8	8	金卡
2	16622921	9	2	1	1	金卡
2	16622921	9	2	66	67	金卡
2	16622921	9	2	69	69	金卡
2	16622921	9	2	0	0	白金卡
2	16622921	9	2	31	31	白金卡
2	16622921	9	2	88	89	白金卡
2	16622921	9	2	81	81	白金卡
2	16622921	9	2	86	86	白金卡
2	16622922	9	3	0	969	白金卡
2	16622922	9	3	970	999	钻石卡
2	16622945	11	1	0	6	普卡
2	16622945	11	1	8	8	金卡
2	16622954	9	3	431	431	金卡
2	16622994	9	2	66	66	白金卡
2	16622994	9	2	88	88	白金卡
2	16622994	9	2	99	99	白金卡
2	16622994	9	2	0	0	白金卡
2	16622994	9	2	68	68	钻石卡
2	16623017	9	1	2	2	金卡
2	16623017	9	1	6	6	白金卡
2	16623017	9	1	8	8	钻石卡
2	16623035	9	9	186700000	189999999	金卡
2	16623035	9	9	180000000	180089999	白金卡
2	16623035	9	9	180090000	180099999	钻石卡
2	16623073	10	1	6	6	白金卡
2	16623102	9	1	2	2	金卡
2	16623102	9	1	6	6	白金卡
2	16623102	9	1	7	7	钻石卡
2	16623102	9	1	9	9	钻石卡
2	16623111	9	2	10	13	金卡
2	16623111	9	2	20	23	金卡
2	16623111	9	2	30	33	金卡
2	16623111	9	2	0	9	白金卡
2	16623111	9	2	16	19	白金卡
2	16623111	9	2	26	29	白金卡
2	16623111	9	2	36	39	白金卡
2	16623111	9	2	50	69	白金卡
2	16623111	9	2	70	79	钻石卡
2	16623188	10	8	40001	60000	金卡
2	16623188	10	8	20001	40000	白金卡
2	16623188	10	8	0	20000	钻石卡
2	16623210	9	1	2	2	金卡
2	16623210	9	1	6	6	白金卡
2	16623210	9	1	8	8	钻石卡
2	16623213	9	1	3	3	金卡
2	16623213	9	1	6	6	白金卡
2	16623213	9	1	8	8	钻石卡
2	16623253	9	1	4	6	金卡
2	16623253	9	1	7	9	白金卡
2	16623346	9	1	3	3	白金卡
2	16623351	9	2	3	3	白金卡
2	16623351	9	2	7	7	白金卡
2	16623351	9	2	4	4	钻石卡
2	16623351	9	2	8	8	钻石卡
2	16623352	9	2	3	3	白金卡
2	16623353	9	1	3	3	白金卡
2	16623353	9	1	6	6	白金卡
2	16623373	9	1	0	0	白金卡
2	16623373	9	1	1	1	白金卡
2	16623373	9	1	2	2	白金卡
2	16623376	9	1	0	0	钻石卡
2	16623376	9	1	1	1	钻石卡
2	16623376	9	1	2	2	钻石卡
2	16623382	9	1	2	2	白金卡
2	16623382	9	1	3	3	钻石卡
2	16623505	9	3	800	800	金卡
2	16623505	9	3	880	880	白金卡
2	16623505	9	3	888	888	钻石卡
2	16623513	9	1	2	2	金卡
2	16623513	9	1	6	6	白金卡
2	16623513	9	1	8	8	钻石卡
2	16623598	9	2	92	92	金卡
2	16623598	9	2	93	93	白金卡
2	16623598	9	2	94	94	钻石卡
2	16623660	9	2	11	11	金卡
2	16623660	9	2	66	66	白金卡
2	16623660	9	2	88	88	钻石卡
2	16624336	9	2	40	40	白金卡
2	16624342	9	1	2	2	白金卡
2	16624369	9	1	0	0	白金卡
2	16624369	9	1	1	1	钻石卡
2	16624389	9	1	0	3	白金卡
2	16625007	9	2	1	50	普卡
2	16625007	9	2	51	99	钻石卡
2	16625050	9	2	20	20	金卡
2	16625050	9	2	60	60	金卡
2	16625050	9	2	38	38	白金卡
2	16625077	9	1	1	1	白金卡
2	16625077	9	1	0	0	钻石卡
2	16625080	9	1	1	1	普卡
2	16625080	9	1	0	0	金卡
2	16625080	9	1	8	8	白金卡
2	16625088	9	2	0	79	普卡
2	16625088	9	2	80	89	金卡
2	16625090	9	2	2	2	金卡
2	16625090	9	2	3	3	白金卡
2	16625099	9	4	0	4086	白金卡
2	16625099	9	4	4088	9999	白金卡
2	16625099	9	4	4087	4087	钻石卡
2	16625101	9	2	20	20	金卡
2	16625101	9	2	80	80	白金卡
2	16625110	9	2	40	40	白金卡
2	16625113	9	2	20	20	普卡
2	16625113	9	2	10	10	金卡
2	16625113	9	2	40	40	白金卡
2	16625114	9	2	20	20	普卡
2	16625114	9	2	10	10	金卡
2	16625114	9	2	40	40	白金卡
2	16625119	9	1	7	7	金卡
2	16625119	9	1	8	8	白金卡
2	16625119	9	1	9	9	钻石卡
2	16625128	9	3	860	899	金卡
2	16625129	9	1	2	2	金卡
2	16625129	9	1	6	6	白金卡
2	16625129	9	1	8	8	钻石卡
2	16625135	9	1	2	2	金卡
2	16625135	9	1	6	6	白金卡
2	16625135	9	1	8	8	钻石卡
2	16625140	11	1	0	1	普卡
2	16625140	11	1	2	2	金卡
2	16625140	11	1	3	3	白金卡
2	16625150	9	2	8	8	金卡
2	16625150	9	2	88	88	白金卡
2	16625155	9	1	3	4	金卡
2	16625155	9	1	5	6	白金卡
2	16625155	9	1	7	9	钻石卡
2	16625156	9	3	2	2	金卡
2	16625156	9	3	3	3	白金卡
2	16625156	9	3	8	8	白金卡
2	16625156	9	3	803	803	钻石卡
2	16625156	9	3	808	808	钻石卡
2	16625157	9	2	80	90	金卡
2	16625158	9	2	0	19	普卡
2	16625158	9	2	20	29	金卡
2	16625158	9	2	60	64	白金卡
2	16625158	9	2	65	69	钻石卡
2	16625163	9	1	2	6	金卡
2	16625163	9	1	7	8	白金卡
2	16625163	9	1	9	9	钻石卡
2	16625165	9	2	20	29	金卡
2	16625165	9	2	60	69	白金卡
2	16625165	9	2	80	89	钻石卡
2	16625166	9	1	5	7	金卡
2	16625166	9	1	8	8	白金卡
2	16625166	9	1	9	9	钻石卡
2	16625167	9	1	2	5	金卡
2	16625167	9	1	6	6	白金卡
2	16625167	9	1	9	9	白金卡
2	16625167	9	1	8	8	钻石卡
2	16625186	9	1	1	1	金卡
2	16625186	9	1	6	6	白金卡
2	16625339	9	3	0	4	金卡
2	16625355	9	1	0	0	金卡
2	16625355	9	1	8	8	白金卡
2	16625357	9	3	600	650	金卡
2	16625357	9	3	800	850	白金卡
2	16625500	9	1	2	2	金卡
2	16625500	9	1	3	3	白金卡
2	16625500	9	1	5	6	白金卡
2	16625500	9	1	7	8	钻石卡
2	16625502	9	1	2	2	金卡
2	16625502	9	1	6	6	白金卡
2	16625502	9	1	8	8	钻石卡
2	16625503	9	1	2	2	金卡
2	16625503	9	1	6	6	白金卡
2	16625503	9	1	8	8	钻石卡
2	16625519	9	1	9	9	金卡
2	16625519	9	1	6	6	白金卡
2	16625519	9	1	8	8	钻石卡
2	16625526	9	1	1	1	金卡
2	16625526	9	1	6	6	白金卡
2	16625588	9	2	2	2	金卡
2	16625588	9	2	3	4	白金卡
2	16625588	9	2	5	5	钻石卡
2	16625800	9	3	666	666	金卡
2	16625800	9	3	888	888	白金卡
2	16625800	9	3	999	999	钻石卡
2	16625816	9	2	0	69	金卡
2	16625816	9	2	98	98	白金卡
2	16625816	9	2	99	99	钻石卡
2	16625819	9	2	0	0	金卡
2	16625819	9	2	2	2	金卡
2	16625819	9	2	8	8	钻石卡
2	16625821	9	1	2	2	金卡
2	16625821	9	1	6	6	白金卡
2	16625821	9	1	8	8	钻石卡
2	16625828	9	3	4	5	金卡
2	16625828	9	3	1	2	白金卡
2	16625828	9	3	900	900	白金卡
2	16625836	9	1	3	6	金卡
2	16625836	9	1	8	8	白金卡
2	16625843	9	1	3	3	白金卡
2	16625843	9	1	4	4	钻石卡
2	16625886	10	1	1	1	金卡
2	16625886	10	1	6	6	白金卡
2	16625888	9	1	2	2	金卡
2	16625888	9	1	3	3	白金卡
2	16625888	9	1	6	6	白金卡
2	16625888	9	1	8	8	钻石卡
2	16625888	9	1	0	0	钻石卡
2	16625903	9	1	0	5	金卡
2	16625903	9	1	6	7	白金卡
2	16625903	9	1	8	8	钻石卡
2	16625913	9	3	1	500	白金卡
2	16625913	9	3	501	999	钻石卡
2	16625914	9	2	20	20	普卡
2	16625914	9	2	10	10	金卡
2	16625914	9	2	40	40	白金卡
2	16625915	9	3	0	599	金卡
2	16625917	9	2	20	20	普卡
2	16625917	9	2	0	0	金卡
2	16625917	9	2	40	40	白金卡
2	16625920	9	2	20	20	普卡
2	16625920	9	2	10	10	金卡
2	16625920	9	2	40	40	白金卡
2	16625921	9	2	20	20	普卡
2	16625921	9	2	10	10	金卡
2	16625921	9	2	40	40	白金卡
2	16625922	9	2	20	20	普卡
2	16625922	9	2	10	10	金卡
2	16625922	9	2	40	40	白金卡
2	16625923	9	2	40	40	白金卡
2	16625924	9	2	20	20	普卡
2	16625924	9	2	10	10	金卡
2	16625924	9	2	40	40	白金卡
2	16625925	9	2	20	20	普卡
2	16625925	9	2	10	10	金卡
2	16625925	9	2	40	40	白金卡
2	16625926	9	2	20	20	普卡
2	16625926	9	2	10	10	金卡
2	16625926	9	2	40	40	白金卡
2	16625927	9	2	10	10	金卡
2	16625927	9	2	40	40	白金卡
2	16625928	9	2	20	20	普卡
2	16625928	9	2	10	10	金卡
2	16625928	9	2	40	40	白金卡
2	16625929	9	2	20	20	普卡
2	16625929	9	2	10	10	金卡
2	16625929	9	2	40	40	白金卡
2	16625931	9	2	20	20	普卡
2	16625931	9	2	10	10	金卡
2	16625931	9	2	40	40	白金卡
2	16625932	9	2	20	20	普卡
2	16625932	9	2	10	10	金卡
2	16625932	9	2	40	40	白金卡
2	16625933	9	2	20	20	普卡
2	16625933	9	2	10	10	金卡
2	16625933	9	2	40	40	白金卡
2	16625934	9	2	20	20	普卡
2	16625934	9	2	10	10	金卡
2	16625934	9	2	40	40	白金卡
2	16625938	9	2	10	10	金卡
2	16625938	9	2	40	40	白金卡
2	16625939	9	2	10	10	金卡
2	16625939	9	2	40	40	白金卡
2	16625941	9	3	0	599	金卡
2	16625942	9	2	10	10	金卡
2	16625942	9	2	40	40	白金卡
2	16625942	9	2	70	70	白金卡
2	16625946	9	3	10	10	金卡
2	16625946	9	3	11	11	白金卡
2	16625959	9	1	0	1	普卡
2	16625959	9	1	8	9	金卡
2	16625959	9	1	7	7	白金卡
2	16625959	9	1	6	6	钻石卡
2	16625966	9	3	0	105	白金卡
2	16625966	9	3	107	999	白金卡
2	16625966	9	3	106	106	钻石卡
2	16625969	9	1	1	3	金卡
2	16625969	9	1	0	0	白金卡
2	16625969	9	1	6	9	白金卡
2	16625982	9	2	10	10	金卡
2	16625982	9	2	40	40	白金卡
2	16625986	9	2	10	10	金卡
2	16625986	9	2	40	40	白金卡
2	16625987	9	2	10	10	金卡
2	16625987	9	2	40	40	白金卡
2	16625988	9	1	0	1	金卡
2	16625988	9	1	6	6	白金卡
2	16625988	9	1	8	8	钻石卡
2	16625989	9	1	2	2	金卡
2	16628200	9	3	777	777	普卡
2	16628200	9	3	666	666	金卡
2	16628201	9	1	2	2	金卡
2	16628201	9	1	6	6	白金卡
2	16628201	9	1	8	8	钻石卡
2	16628203	9	2	0	70	金卡
2	16628205	9	1	2	2	金卡
2	16628210	9	3	0	0	金卡
2	16628210	9	3	11	11	金卡
2	16628210	9	3	31	31	金卡
2	16628210	9	3	62	62	金卡
2	16628210	9	3	23	23	白金卡
2	16628210	9	3	6	6	钻石卡
2	16628210	9	3	16	16	钻石卡
2	16628210	9	3	41	41	钻石卡
2	16628210	9	3	61	61	钻石卡
2	16628211	9	1	2	2	金卡
2	16628211	9	1	3	3	白金卡
2	16628211	9	1	5	6	白金卡
2	16628211	9	1	7	8	钻石卡
2	16628217	9	3	888	888	金卡
2	16628223	9	3	2	4	普卡
2	16628223	9	3	5	7	金卡
2	16628224	9	3	880	891	金卡
2	16628224	9	3	660	661	金卡
2	16628226	9	3	800	979	金卡
2	16628226	9	3	980	999	白金卡
2	16628227	9	3	1	1	金卡
2	16628229	9	3	1	1	普卡
2	16628229	9	3	2	2	金卡
2	16628231	9	2	77	77	普卡
2	16628231	9	2	88	88	金卡
2	16628234	9	1	8	8	金卡
2	16628235	9	1	0	0	金卡
2	16628239	9	1	1	1	金卡
2	16628239	9	1	0	0	金卡
2	16628246	11	1	6	9	金卡
2	16628250	9	7	200000	999999	金卡
2	16628251	9	2	0	0	金卡
2	16628252	11	1	0	0	金卡
2	16628252	11	1	9	9	金卡
2	16628253	9	1	5	5	普卡
2	16628253	9	1	0	0	普卡
2	16628253	9	1	2	2	金卡
2	16628253	9	1	3	3	白金卡
2	16628253	9	1	4	4	钻石卡
2	16628257	9	1	0	3	金卡
2	16628257	9	1	6	6	白金卡
2	16628257	9	1	8	8	钻石卡
2	16628263	9	3	1	4	普卡
2	16628263	9	3	5	9	金卡
2	16628264	9	3	800	800	金卡
2	16628272	9	2	10	10	金卡
2	16628278	9	1	2	2	金卡
2	16628279	9	1	9	9	金卡
2	16628284	9	3	20	20	金卡
2	16628291	9	1	6	6	金卡
2	16628291	9	1	7	7	白金卡
2	16628291	9	1	8	8	钻石卡
2	16628293	9	1	2	2	金卡
2	16628295	9	2	6	6	金卡
2	16628295	9	2	8	8	白金卡
2	16628296	9	2	0	1	金卡
2	16628300	9	3	880	880	白金卡
2	16628306	10	1	2	2	金卡
2	16628307	9	3	800	809	金卡
2	16628309	9	1	3	3	金卡
2	16628309	9	1	4	4	白金卡
2	16628309	9	1	5	5	钻石卡
2	16628315	9	3	11	11	金卡
2	16628315	9	3	12	12	白金卡
2	16628315	9	3	13	13	钻石卡
2	16628319	9	2	2	2	金卡
2	16628321	9	2	2	2	金卡
2	16628321	9	2	3	3	钻石卡
2	16628323	10	2	15	19	金卡
2	16628325	9	1	6	6	金卡
2	16628325	9	1	8	8	白金卡
2	16628328	9	2	92	92	金卡
2	16628330	9	3	818	998	金卡
2	16628331	9	3	666	666	金卡
2	16628331	9	3	888	888	白金卡
2	16628331	9	3	999	999	钻石卡
2	16628336	9	1	1	1	金卡
2	16628336	9	1	6	6	白金卡
2	16628351	11	1	6	6	金卡
2	16628351	11	1	7	7	白金卡
2	16628351	11	1	8	8	钻石卡
2	16628353	9	1	5	6	金卡
2	16628353	9	1	7	9	白金卡
2	16628358	11	1	3	4	金卡
2	16628358	11	1	5	6	白金卡
2	16628358	11	1	7	8	钻石卡
2	16628360	9	1	2	2	金卡
2	16628360	9	1	6	6	白金卡
2	16628361	9	1	6	8	金卡
2	16628365	9	1	2	2	金卡
2	16628369	9	1	8	8	金卡
2	16628373	9	1	2	2	金卡
2	16628373	9	1	6	6	白金卡
2	16628373	9	1	8	8	钻石卡
2	16628380	9	1	5	5	金卡
2	16628380	9	1	6	6	白金卡
2	16628380	9	1	8	8	钻石卡
2	16628383	9	1	0	0	金卡
2	16628383	9	1	2	3	金卡
2	16628383	9	1	5	7	白金卡
2	16628383	9	1	8	9	钻石卡
2	16628385	9	1	3	3	金卡
2	16628385	9	1	6	6	金卡
2	16628385	9	1	9	9	金卡
2	16628386	9	1	9	9	金卡
2	16628386	9	1	6	6	白金卡
2	16628386	9	1	8	8	钻石卡
2	16628387	9	1	6	6	金卡
2	16628387	9	1	8	8	白金卡
2	16628389	12	1	6	9	金卡
2	16628392	9	2	6	6	金卡
2	16628392	9	2	88	99	钻石卡
2	16628395	9	1	2	2	金卡
2	16628395	9	1	6	6	白金卡
2	16628395	9	1	8	8	钻石卡
2	16628398	9	1	2	2	金卡
2	16628398	9	1	6	6	白金卡
2	16628398	9	1	8	8	钻石卡
2	17621456	9	2	5	5	金卡
2	17621456	9	2	6	6	白金卡
2	17621699	12	1	7	7	金卡
2	17621699	12	1	8	8	白金卡
2	17621699	12	1	9	9	钻石卡
2	17621760	11	1	1	1	金卡
2	17621760	11	1	6	6	白金卡
2	17621760	11	1	8	8	钻石卡
2	17622258	9	5	81310	81313	白金卡
2	17622308	9	2	24	24	普卡
2	17622308	9	2	26	27	普卡
2	17622308	9	2	29	29	普卡
2	17622308	9	2	88	88	白金卡
2	17622310	9	10	1005817138	1005823235	白金卡
2	17622310	9	10	1005773629	1006006192	白金卡
2	17622310	9	10	1007173283	1007165715	白金卡
2	17622310	9	10	1007665637	1007831367	白金卡
2	17622310	9	10	1008028665	1008034762	白金卡
2	17622310	9	10	1008384666	1008428124	白金卡
2	17622310	9	10	1008600385	1008602817	白金卡
2	17622332	9	2	3	3	金卡
2	17622336	11	1	1	1	金卡
2	17622336	11	1	6	6	白金卡
2	17622336	11	1	8	8	钻石卡
2	17622399	9	1	2	2	普卡
2	17622399	9	1	3	3	金卡
2	17622399	9	1	4	4	白金卡
2	17622399	9	1	5	5	钻石卡
2	17622400	9	1	0	1	普卡
2	17622400	9	4	8201	8201	白金卡
2	17622400	9	4	8202	8202	钻石卡
2	17622420	9	2	1	4	普卡
2	17622420	9	3	888	888	白金卡
2	17622425	12	2	2	2	金卡
2	17622425	12	2	3	3	白金卡
2	17622425	12	2	5	5	白金卡
2	17622425	12	2	7	7	白金卡
2	17622425	12	2	8	8	钻石卡
2	17622442	9	2	1	19	普卡
2	17622442	9	2	20	30	金卡
2	17622442	9	2	31	39	白金卡
2	17622442	9	2	40	49	钻石卡
2	17622939	10	1	2	2	金卡
2	17622939	10	1	3	3	钻石卡
2	17622962	12	1	8	8	白金卡
2	17622962	12	1	6	6	钻石卡
2	17622990	9	2	6	6	金卡
2	17622990	9	2	7	7	白金卡
2	17622990	9	2	8	8	钻石卡
2	17623123	9	2	3	3	金卡
2	17623273	11	1	1	1	金卡
2	17623273	11	1	6	6	白金卡
2	17623273	11	1	8	8	钻石卡
2	17623599	9	2	33	33	金卡
2	17623599	9	2	55	55	金卡
2	17623599	9	2	66	66	白金卡
2	17623599	9	2	77	77	白金卡
2	17623599	9	2	88	88	钻石卡
2	17623599	9	2	99	99	钻石卡
2	17940068	12	7	3499236	3511422	白金卡
2	18621004	11	2	66	66	金卡
2	18621004	11	2	77	77	钻石卡
2	18621235	9	6	703000	703000	普卡
2	18621235	9	6	703880	703880	金卡
2	18621235	9	6	703888	703888	白金卡
2	18621263	11	1	6	6	金卡
2	18621263	11	1	7	7	白金卡
2	18621270	9	1	2	2	金卡
2	18621270	9	1	3	3	白金卡
2	18621270	9	1	8	8	钻石卡
2	18621278	9	5	29312	29319	金卡
2	18621278	9	4	5039	5039	金卡
2	18621278	9	4	3332	3332	金卡
2	18621278	9	3	166	166	金卡
2	18621278	9	3	226	226	金卡
2	18621278	9	3	236	236	金卡
2	18621278	9	3	256	256	金卡
2	18621278	9	3	346	346	金卡
2	18621278	9	3	366	366	金卡
2	18621278	9	3	376	376	金卡
2	18621278	9	3	436	436	金卡
2	18621278	9	3	556	556	金卡
2	18621278	9	4	1936	1936	金卡
2	18621278	9	5	29320	29325	白金卡
2	18621278	9	3	167	168	白金卡
2	18621278	9	3	227	228	白金卡
2	18621278	9	3	237	238	白金卡
2	18621278	9	3	257	258	白金卡
2	18621278	9	3	347	348	白金卡
2	18621278	9	3	367	368	白金卡
2	18621278	9	3	377	378	白金卡
2	18621278	9	3	437	438	白金卡
2	18621278	9	3	557	558	白金卡
2	18621278	9	4	1937	1938	白金卡
2	18621278	9	5	29330	29335	钻石卡
2	18621278	9	3	169	169	钻石卡
2	18621278	9	3	229	229	钻石卡
2	18621278	9	3	239	239	钻石卡
2	18621278	9	3	259	259	钻石卡
2	18621278	9	3	349	349	钻石卡
2	18621278	9	3	369	369	钻石卡
2	18621278	9	3	379	379	钻石卡
2	18621278	9	3	439	439	钻石卡
2	18621278	9	3	559	559	钻石卡
2	18621278	9	4	1939	1939	钻石卡
2	18621298	9	2	88	88	金卡
2	18621298	9	2	28	28	白金卡
2	18621585	9	1	1	9	白金卡
2	18621681	12	1	2	2	金卡
2	18621681	12	1	8	8	钻石卡
2	18621689	12	1	8	9	金卡
2	18621689	12	1	6	6	白金卡
2	18622271	12	1	1	2	普卡
2	18622271	12	1	3	3	金卡
2	18622306	11	2	33	33	金卡
2	18622439	9	2	92	93	金卡
2	18622439	9	2	62	63	金卡
2	18622439	9	2	89	90	金卡
2	18622439	9	2	91	91	白金卡
2	18622439	9	2	94	94	白金卡
2	18622439	9	2	64	64	白金卡
2	18622991	9	2	15	15	白金卡
2	18623059	9	1	6	6	金卡
2	18623059	9	1	8	8	白金卡
2	18623059	9	1	9	9	钻石卡
2	18623063	11	1	2	2	金卡
2	18623063	11	1	6	6	白金卡
2	18623063	11	1	8	8	钻石卡
2	18623117	9	3	32	32	金卡
2	18623117	9	3	18	18	金卡
2	18623117	9	3	36	36	白金卡
2	18623117	9	3	38	38	钻石卡
2	18623130	11	2	66	66	金卡
2	18623130	11	2	77	77	钻石卡
2	18623165	12	2	1	1	金卡
2	18623165	12	2	5	5	金卡
2	18623165	12	2	2	2	白金卡
2	18623165	12	2	6	6	白金卡
2	18623165	12	2	18	19	白金卡
2	18623165	12	2	3	3	钻石卡
2	18623165	12	2	7	7	钻石卡
2	18623209	9	3	101	666	金卡
2	18623215	12	2	1	1	金卡
2	18623215	12	2	2	2	白金卡
2	18623215	12	2	3	3	钻石卡
2	18623523	12	1	3	3	金卡
2	18623523	12	1	6	6	白金卡
2	18623523	12	1	8	8	钻石卡
2	18623553	9	3	587	587	金卡
2	18623553	9	3	588	588	白金卡
2	18623553	9	3	589	589	钻石卡
2	19620063	9	1	2	2	金卡
2	19620063	9	1	3	3	白金卡
2	19620063	9	1	4	4	钻石卡
2	19620528	9	1	3	3	金卡
2	19620528	9	1	8	8	白金卡
2	19621015	9	2	88	88	钻石卡
2	19621017	9	4	8001	8001	白金卡
2	19621017	9	4	8886	8886	白金卡
2	19621018	9	4	8600	8600	白金卡
2	19621029	9	2	7	7	金卡
2	19621029	9	2	91	91	金卡
2	19621029	9	2	2	2	金卡
2	19621029	9	2	8	8	白金卡
2	19621029	9	2	92	92	白金卡
2	19621029	9	2	3	3	白金卡
2	19621029	9	2	5	5	钻石卡
2	19621029	9	2	9	9	钻石卡
2	19621035	9	5	50301	50302	普卡
2	19621035	9	5	50306	50306	金卡
2	19621035	9	6	503088	503088	白金卡
2	19621036	9	4	6455	6455	普卡
2	19621036	9	4	6466	6466	普卡
2	19621036	9	4	6410	6410	普卡
2	19621036	9	4	6420	6423	普卡
2	19621036	9	4	6425	6433	普卡
2	19621036	9	4	6435	6439	普卡
2	19621036	9	4	6450	6451	普卡
2	19621036	9	4	6468	6468	普卡
2	19621036	9	4	6488	6488	普卡
2	19621036	9	4	6498	6498	金卡
2	19621036	9	4	6499	6499	白金卡
2	19621037	9	2	61	85	金卡
2	19621037	9	2	86	99	白金卡
2	19621038	9	2	0	6	普卡
2	19621038	9	2	7	7	金卡
2	19621038	9	2	8	8	白金卡
2	19621038	9	2	9	9	钻石卡
2	19621056	9	4	8057	8057	金卡
2	19621056	9	4	8017	8017	金卡
2	19621056	9	4	8027	8027	金卡
2	19621056	9	4	8058	8058	白金卡
2	19621056	9	4	8018	8018	白金卡
2	19621056	9	4	8028	8028	白金卡
2	19621056	9	4	8059	8059	钻石卡
2	19621056	9	4	8019	8019	钻石卡
2	19621056	9	4	8029	8029	钻石卡
2	19621060	9	3	111	111	普卡
2	19621060	9	3	555	555	金卡
2	19621060	9	6	666888	666999	金卡
2	19621061	9	1	3	3	普卡
2	19621061	9	1	6	6	白金卡
2	19621070	9	2	1	1	普卡
2	19621070	9	2	2	2	金卡
2	19621070	9	2	3	3	白金卡
2	19621070	9	2	4	4	钻石卡
2	19621071	9	4	1002	1002	金卡
2	19621071	9	5	10030	10030	白金卡
2	19621072	9	2	30	30	金卡
2	19621072	9	2	40	40	金卡
2	19621072	9	2	81	81	白金卡
2	19621072	9	2	82	83	钻石卡
2	19621075	11	2	2	2	金卡
2	19621075	11	2	8	8	白金卡
2	19621086	12	2	16	16	金卡
2	19621086	12	2	18	18	白金卡
2	19621090	9	2	3	3	普卡
2	19621090	9	2	2	2	金卡
2	19621090	9	2	1	1	白金卡
2	19621092	13	1	8	9	金卡
2	19621097	9	2	25	49	金卡
2	19621097	9	2	50	74	白金卡
2	19621097	9	2	75	99	钻石卡
2	19621099	11	2	30	31	金卡
2	19621099	11	2	40	40	金卡
2	19621099	11	2	66	66	金卡
2	19621099	11	2	87	87	金卡
2	19621099	11	2	50	51	白金卡
2	19621099	11	2	60	60	白金卡
2	19621099	11	2	88	89	白金卡
2	19621099	11	2	70	71	钻石卡
2	19621099	11	2	90	90	钻石卡
2	19621099	11	2	99	99	钻石卡
2	19621213	9	2	2	2	金卡
2	19621213	9	2	4	4	金卡
2	19621213	9	2	5	6	白金卡
2	19621216	12	2	7	7	普卡
2	19621216	12	2	1	1	普卡
2	19621216	12	2	8	8	金卡
2	19621216	12	2	9	9	白金卡
2	19621216	12	2	88	88	钻石卡
2	19621221	9	5	39600	39600	普卡
2	19621221	9	5	39666	39666	金卡
2	19621221	9	5	39688	39688	白金卡
2	19621228	9	5	88000	88999	金卡
2	19621228	9	5	51	51	白金卡
2	19621228	9	5	79	79	白金卡
2	19621228	9	5	94	94	白金卡
2	19621238	9	1	5	5	白金卡
2	19621242	13	2	25	25	金卡
2	19621242	13	2	26	26	白金卡
2	19621242	13	2	27	27	钻石卡
2	19621260	9	4	36	36	金卡
2	19621260	9	4	38	38	白金卡
2	19621260	9	4	39	39	钻石卡
2	19621266	9	5	1016	1016	白金卡
2	19621271	9	3	11	11	金卡
2	19621271	9	3	12	12	白金卡
2	19621271	9	3	888	888	白金卡
2	19621271	9	3	13	13	钻石卡
2	19621273	12	2	3	3	金卡
2	19621273	12	2	2	2	白金卡
2	19621275	13	1	6	6	金卡
2	19621275	13	1	8	8	白金卡
2	19621275	13	1	9	9	钻石卡
2	19621278	9	3	396	396	金卡
2	19621278	9	3	156	156	金卡
2	19621278	9	3	126	126	金卡
2	19621278	9	3	106	106	金卡
2	19621278	9	3	397	397	白金卡
2	19621278	9	3	438	438	白金卡
2	19621278	9	3	168	168	白金卡
2	19621278	9	3	208	208	白金卡
2	19621278	9	3	218	218	白金卡
2	19621278	9	3	228	228	白金卡
2	19621278	9	3	238	238	白金卡
2	19621278	9	3	258	258	白金卡
2	19621278	9	3	318	318	白金卡
2	19621278	9	3	328	328	白金卡
2	19621278	9	3	348	348	白金卡
2	19621278	9	3	368	368	白金卡
2	19621278	9	3	378	378	白金卡
2	19621278	9	3	558	558	白金卡
2	19621280	12	2	88	88	金卡
2	19621280	12	2	66	66	白金卡
2	19621280	12	2	99	99	钻石卡
2	19621289	9	2	1	1	普卡
2	19621289	9	2	2	2	金卡
2	19621290	9	2	1	1	普卡
2	19621290	9	2	2	2	金卡
2	19621296	9	13	101000000017	101000003029	白金卡
2	19621296	9	13	102000000015	102000002037	白金卡
2	19621296	9	13	101000003045	101000015023	白金卡
2	19621296	9	13	102000002045	102000008026	白金卡
2	19621296	9	13	103000000013	103000006002	白金卡
2	19621296	9	13	104000000011	104000006000	白金卡
2	19621296	9	13	106000000016	106000010007	白金卡
2	19621296	9	13	109000000010	109000005001	白金卡
2	19621296	9	13	102000036019	102000045002	白金卡
2	19621296	9	13	101000040013	101000050004	白金卡
2	19621296	9	13	103000032016	103000040001	白金卡
2	19621296	9	13	104000032014	104000040009	白金卡
2	19621296	9	13	106000040012	106000050003	白金卡
2	19621296	9	13	110000000018	110000005009	白金卡
2	19621296	9	13	106000370013	106000390003	白金卡
2	19621296	9	13	101000145010	101000146000	白金卡
2	19621296	9	13	103000385018	103000394002	白金卡
2	19621296	9	13	109000130015	109000134009	白金卡
2	19621296	9	13	101000154012	101000156009	白金卡
2	19621296	9	13	102000721016	102000727005	白金卡
2	19621296	9	13	101000156017	101000161009	白金卡
2	19621296	9	13	101000203017	101000208008	白金卡
2	19621296	9	13	105000040014	105000045005	白金卡
2	19621296	9	13	104000265010	104000270002	白金卡
2	19621296	9	13	103000428016	103000434006	白金卡
2	19621296	9	13	101000259019	101000264001	白金卡
2	19621296	9	13	101000314012	101000320001	白金卡
2	19621296	9	13	110000110015	110000113001	白金卡
2	19621296	9	13	101000360015	101000370006	白金卡
2	19621296	9	13	103000554019	103000559000	白金卡
2	19621296	9	13	104000500010	104000505001	白金卡
2	19621296	9	13	106000590016	106000620003	白金卡
2	19621296	9	13	102001177010	102001227005	白金卡
2	19621296	9	13	101000440015	101000442003	白金卡
2	19621296	9	13	106000870012	106000920007	白金卡
2	19621296	9	13	105000045013	105000055004	白金卡
2	19621296	9	13	101000507011	101000509009	白金卡
2	19621296	9	13	108000000012	108000020002	白金卡
2	19621296	9	13	106001020013	106001120003	白金卡
2	19621296	9	13	104000525017	104000535008	白金卡
2	19621296	9	13	101000534015	101000544006	白金卡
2	19621325	9	2	0	65	普卡
2	19621325	9	2	67	67	普卡
2	19621325	9	2	69	99	普卡
2	19621325	9	2	66	66	金卡
2	19621325	9	2	68	68	白金卡
2	19621327	9	4	0	0	普卡
2	19621327	9	4	1	1	金卡
2	19621327	9	4	8	8	白金卡
2	19621328	9	2	0	0	白金卡
2	19621328	9	2	11	11	白金卡
2	19621328	9	2	88	88	白金卡
2	19621328	9	2	66	66	白金卡
2	19621337	9	6	100101	100101	普卡
2	19621337	9	6	100108	100108	白金卡
2	19621339	9	1	0	1	普卡
2	19621339	9	1	2	2	金卡
2	19621339	9	1	3	3	白金卡
2	19621344	9	5	7	7	普卡
2	19621344	9	5	8	8	金卡
2	19621346	9	3	1	1	金卡
2	19621361	9	1	1	1	普卡
2	19621361	9	1	2	2	金卡
2	19621361	9	1	3	3	白金卡
2	19621362	9	1	0	0	白金卡
2	19621363	9	1	1	1	金卡
2	19621365	12	2	2	2	金卡
2	19621365	12	2	6	6	白金卡
2	19621365	12	2	8	8	钻石卡
2	19621369	9	2	20	20	普卡
2	19621369	9	2	10	10	金卡
2	19621372	9	2	20	20	普卡
2	19621372	9	2	10	10	金卡
2	19621375	9	2	20	20	普卡
2	19621375	9	2	10	10	金卡
2	19621379	9	2	20	20	普卡
2	19621379	9	2	10	10	金卡
2	19621380	9	4	12	12	金卡
2	19621380	9	4	16	16	白金卡
2	19621380	9	4	18	18	钻石卡
2	19621384	9	5	130	159	金卡
2	19621384	9	5	160	179	白金卡
2	19621384	9	5	180	199	钻石卡
2	19621386	12	1	6	6	金卡
2	19621386	12	1	7	7	白金卡
2	19621386	12	1	9	9	钻石卡
2	19621388	9	2	26	26	金卡
2	19621388	9	2	6	6	金卡
2	19621388	9	2	8	8	白金卡
2	19621388	9	2	28	28	白金卡
2	19621388	9	2	29	29	钻石卡
2	19621388	9	2	9	9	钻石卡
2	19621393	12	1	3	3	金卡
2	19621393	12	1	6	6	白金卡
2	19621393	12	1	8	8	钻石卡
2	19621398	9	5	213	213	金卡
2	19621398	9	5	215	215	钻石卡
2	19621403	11	2	6	6	金卡
2	19621403	11	2	8	8	白金卡
2	19621413	9	2	88	88	白金卡
2	19621414	9	2	20	20	普卡
2	19621414	9	2	10	10	金卡
2	19621415	12	2	88	88	白金卡
2	19621418	9	5	0	3	白金卡
2	19621418	9	5	5	99	白金卡
2	19621418	9	5	4	4	钻石卡
2	19621422	9	5	1016	1016	白金卡
2	19621437	9	1	2	2	金卡
2	19621437	9	1	3	3	白金卡
2	19621439	9	1	2	2	金卡
2	19621439	9	1	3	3	白金卡
2	19621439	9	1	4	4	钻石卡
2	19621446	9	1	8	8	金卡
2	19621446	9	1	9	9	钻石卡
2	19621448	9	1	2	2	金卡
2	19621448	9	1	5	5	金卡
2	19621448	9	1	8	8	金卡
2	19621448	9	1	3	3	白金卡
2	19621448	9	1	6	6	白金卡
2	19621448	9	1	9	9	白金卡
2	19621455	9	1	5	5	金卡
2	19621455	9	1	6	6	白金卡
2	19621455	9	1	8	8	钻石卡
2	19621462	11	2	28	28	白金卡
2	19621462	11	2	88	88	钻石卡
2	19621463	13	1	9	9	金卡
2	19621463	13	1	8	8	白金卡
2	19621469	9	1	2	2	普卡
2	19621469	9	1	6	6	金卡
2	19621469	9	1	9	9	钻石卡
2	19621496	13	2	25	25	金卡
2	19621496	13	2	26	26	白金卡
2	19621496	13	2	27	28	钻石卡
2	19621498	9	1	2	2	金卡
2	19621498	9	1	6	6	白金卡
2	19621498	9	1	8	8	钻石卡
2	19621518	12	1	3	3	金卡
2	19621518	12	1	6	6	白金卡
2	19621518	12	1	8	8	钻石卡
2	19621519	9	1	9	9	金卡
2	19621519	9	1	6	6	白金卡
2	19621519	9	1	8	8	钻石卡
2	19621520	9	1	6	6	白金卡
2	19621530	9	2	50	50	金卡
2	19621530	9	2	60	60	金卡
2	19621530	9	2	70	70	白金卡
2	19621530	9	2	80	80	白金卡
2	19621539	9	2	60	69	金卡
2	19621539	9	2	20	20	白金卡
2	19621539	9	2	80	89	钻石卡
2	19621566	9	1	5	5	白金卡
2	19621601	9	2	12	12	金卡
2	19621601	9	2	13	13	白金卡
2	19621601	9	2	16	16	白金卡
2	19621626	9	1	2	2	金卡
2	19621626	9	1	3	3	白金卡
2	19621626	9	1	4	5	钻石卡
2	19621628	9	4	6628	6628	金卡
2	19621628	9	4	6618	6618	金卡
2	19621630	9	4	27	27	金卡
2	19621633	11	2	66	66	金卡
2	19621633	11	2	68	68	白金卡
2	19621633	11	2	69	69	钻石卡
2	19621635	9	4	1092	1092	金卡
2	19621635	9	4	36	36	金卡
2	19621635	9	4	1088	1088	白金卡
2	19621635	9	4	1096	1096	白金卡
2	19621635	9	4	38	38	白金卡
2	19621635	9	4	1098	1098	钻石卡
2	19621635	9	4	39	39	钻石卡
2	19621650	9	5	10154	10154	金卡
2	19621650	9	5	10257	10257	金卡
2	19621650	9	5	10155	10155	白金卡
2	19621650	9	5	10258	10258	白金卡
2	19621651	9	1	6	6	金卡
2	19621653	9	4	12	12	金卡
2	19621653	9	4	16	16	白金卡
2	19621653	9	4	19	19	钻石卡
2	19621656	12	2	1	1	白金卡
2	19621658	9	5	102	102	金卡
2	19621658	9	5	103	103	白金卡
2	19621659	9	4	102	102	金卡
2	19621659	9	5	613	613	金卡
2	19621659	9	5	913	913	金卡
2	19621659	9	5	813	813	金卡
2	19621659	9	4	106	106	白金卡
2	19621659	9	4	108	108	钻石卡
2	19621659	9	5	615	615	钻石卡
2	19621659	9	5	915	915	钻石卡
2	19621659	9	5	815	815	钻石卡
2	19621669	9	13	0	0	普卡
2	19621669	9	13	1	9999999999999	钻石卡
2	19621675	12	3	998	999	金卡
2	19621676	9	5	202	202	金卡
2	19621676	9	5	102	102	金卡
2	19621676	9	5	302	302	金卡
2	19621676	9	5	402	402	金卡
2	19621676	9	5	502	502	金卡
2	19621676	9	5	902	902	金卡
2	19621676	9	5	1002	1002	金卡
2	19621676	9	5	203	203	白金卡
2	19621676	9	5	103	103	白金卡
2	19621676	9	5	303	303	白金卡
2	19621676	9	5	403	403	白金卡
2	19621676	9	5	503	503	白金卡
2	19621676	9	5	903	903	白金卡
2	19621676	9	5	1003	1003	白金卡
2	19621678	12	2	2	2	金卡
2	19621678	12	2	3	3	白金卡
2	19621695	9	4	210	215	金卡
2	19621695	9	4	390	393	金卡
2	19621695	9	4	216	219	白金卡
2	19621695	9	4	394	397	白金卡
2	19621695	9	4	398	399	钻石卡
2	19621696	9	2	0	0	金卡
2	19621696	9	2	3	3	白金卡
2	19621696	9	2	4	4	钻石卡
2	19621699	12	1	7	7	金卡
2	19621699	12	1	8	8	白金卡
2	19621699	12	1	9	9	钻石卡
2	19621719	9	2	10	10	金卡
2	19621727	9	1	2	2	金卡
2	19621728	12	1	3	3	金卡
2	19621728	12	1	6	6	白金卡
2	19621728	12	1	8	8	钻石卡
2	19621735	11	2	26	26	金卡
2	19621735	11	2	28	28	白金卡
2	19621735	11	2	29	29	钻石卡
2	19621739	9	1	8	8	金卡
2	19621739	9	1	9	9	钻石卡
2	19621751	9	3	885	885	金卡
2	19621752	12	2	27	27	白金卡
2	19621752	12	2	28	28	钻石卡
2	19621753	9	2	3	4	普卡
2	19621753	9	2	88	88	白金卡
2	19621762	9	2	20	20	普卡
2	19621762	9	2	10	10	金卡
2	19621763	9	2	20	20	普卡
2	19621763	9	2	10	10	金卡
2	19621766	9	2	12	12	金卡
2	19621766	9	2	16	16	金卡
2	19621766	9	2	13	13	白金卡
2	19621766	9	2	17	17	白金卡
2	19621766	9	2	14	14	钻石卡
2	19621766	9	2	18	18	钻石卡
2	19621775	9	1	0	0	金卡
2	19621775	9	1	1	1	白金卡
2	19621780	9	2	55	55	金卡
2	19621780	9	2	66	66	白金卡
2	19621780	9	2	88	88	钻石卡
2	19622133	9	4	9908	9908	白金卡
2	19622133	9	4	9909	9909	钻石卡
2	19622138	9	4	6158	6158	白金卡
2	19622138	9	4	6151	6151	白金卡
2	19622138	9	4	6170	6170	钻石卡
2	19622153	9	1	2	2	金卡
2	19622153	9	1	3	3	白金卡
2	19622153	9	1	4	4	钻石卡
2	19622162	13	1	3	3	金卡
2	19622162	13	1	6	6	白金卡
2	19622169	9	1	9	9	金卡
2	19622169	9	1	6	6	白金卡
2	19622169	9	1	8	8	钻石卡
2	19622170	9	1	2	2	金卡
2	19622170	9	1	6	6	白金卡
2	19622170	9	1	8	8	钻石卡
2	19622184	9	2	10	59	金卡
2	19622184	9	2	0	9	白金卡
2	19622184	9	2	60	60	白金卡
2	19622260	9	5	1310	1319	白金卡
2	19622262	9	5	21310	21319	白金卡
2	19622309	13	1	8	8	金卡
2	19622324	12	1	8	8	白金卡
2	19622328	9	5	28000	28799	普卡
2	19622328	9	5	28880	28887	金卡
2	19622328	9	5	28888	28888	白金卡
2	19622329	11	2	1	1	普卡
2	19622329	11	2	3	3	金卡
2	19622338	9	6	1101	1101	普卡
2	19622338	9	6	1103	1103	普卡
2	19622338	9	6	1106	1106	普卡
2	19622338	9	6	1100	1100	白金卡
2	19622345	11	1	1	1	普卡
2	19622345	11	1	5	5	金卡
2	19622345	11	1	6	6	白金卡
2	19622362	13	2	0	0	普卡
2	19622362	13	2	8	8	金卡
2	19622363	9	1	4	4	普卡
2	19622363	9	1	5	5	金卡
2	19622363	9	1	6	6	白金卡
2	19622363	9	1	8	8	钻石卡
2	19622368	12	2	58	58	金卡
2	19622368	12	2	68	68	白金卡
2	19622368	12	2	88	88	钻石卡
2	19622370	9	1	0	0	普卡
2	19622370	9	1	2	2	金卡
2	19622370	9	1	3	3	白金卡
2	19622379	12	2	38	38	金卡
2	19622379	12	2	8	8	白金卡
2	19622379	12	2	11	11	白金卡
2	19622379	12	2	57	58	白金卡
2	19622379	12	2	18	18	白金卡
2	19622379	12	2	28	28	白金卡
2	19622379	12	2	67	68	白金卡
2	19622392	9	1	2	2	金卡
2	19622392	9	1	3	3	白金卡
2	19622421	13	2	97	97	金卡
2	19622421	13	2	88	88	白金卡
2	19622421	13	2	98	98	白金卡
2	19622421	13	2	99	99	钻石卡
2	19622425	12	2	2	2	金卡
2	19622425	12	2	3	3	白金卡
2	19622425	12	2	5	5	白金卡
2	19622425	12	2	7	7	白金卡
2	19622425	12	2	8	8	钻石卡
2	19622452	9	1	8	8	白金卡
2	19622467	9	4	3131	3132	普卡
2	19622467	9	4	3134	3135	普卡
2	19622467	9	5	31360	31360	普卡
2	19622467	9	5	31365	31365	普卡
2	19622467	9	5	31369	31369	金卡
2	19622467	9	5	31368	31368	白金卡
2	19622498	9	2	55	55	金卡
2	19622498	9	2	66	66	白金卡
2	19622498	9	2	88	88	钻石卡
2	19622506	9	1	5	5	白金卡
2	19622506	9	1	8	8	白金卡
2	19622506	9	1	9	9	钻石卡
2	19622532	9	1	1	1	金卡
2	19622532	9	4	9999	9999	金卡
2	19622532	9	5	55559	55559	金卡
2	19622532	9	5	99996	99996	金卡
2	19622532	9	5	11351	11351	金卡
2	19622532	9	5	11356	11356	金卡
2	19622532	9	5	12351	12351	金卡
2	19622532	9	5	12356	12356	金卡
2	19622532	9	1	2	2	白金卡
2	19622532	9	4	6666	6666	白金卡
2	19622532	9	5	55556	55556	白金卡
2	19622532	9	5	66668	66668	白金卡
2	19622532	9	5	21351	21351	白金卡
2	19622532	9	5	21356	21356	白金卡
2	19622532	9	5	22351	22351	白金卡
2	19622532	9	5	22356	22356	白金卡
2	19622532	9	1	3	3	钻石卡
2	19622532	9	4	8888	8888	钻石卡
2	19622532	9	5	88886	88886	钻石卡
2	19622532	9	5	55558	55558	钻石卡
2	19622532	9	5	31351	31351	钻石卡
2	19622532	9	5	31356	31356	钻石卡
2	19622532	9	5	32351	32351	钻石卡
2	19622532	9	5	32356	32356	钻石卡
2	19622568	11	2	0	27	普卡
2	19622568	11	2	29	99	普卡
2	19622568	11	2	28	28	白金卡
2	19622644	9	2	26	50	金卡
2	19622644	9	2	51	76	白金卡
2	19622644	9	2	77	99	钻石卡
2	19622681	9	2	99	99	白金卡
2	19622681	9	2	88	88	钻石卡
2	19622846	9	13	0	0	普卡
2	19622846	9	13	1	9999999999999	白金卡
2	19622865	9	2	1	1	普卡
2	19622865	9	2	86	86	金卡
2	19622865	9	2	87	87	白金卡
2	19622865	9	2	88	88	钻石卡
2	19622869	12	1	8	8	白金卡
2	19622897	9	6	1021	1022	金卡
2	19622897	9	6	1880	1880	金卡
2	19622897	9	6	1080	1080	白金卡
2	19622897	9	6	1031	1032	白金卡
2	19622897	9	6	1041	1042	钻石卡
2	19622897	9	6	1090	1090	钻石卡
2	19622935	9	1	8	8	白金卡
2	19622937	11	2	66	66	金卡
2	19622937	11	2	77	77	白金卡
2	19622937	11	2	88	88	钻石卡
2	19622938	13	2	88	88	白金卡
2	19622940	9	1	1	2	白金卡
2	19622940	9	1	3	3	钻石卡
2	19622947	9	1	1	1	金卡
2	19622947	9	1	6	6	白金卡
2	19622947	9	1	9	9	钻石卡
2	19622959	12	2	1	1	金卡
2	19622959	12	2	2	2	白金卡
2	19622967	11	2	66	66	金卡
2	19622967	11	2	88	88	白金卡
2	19622967	11	2	99	99	钻石卡
2	19622968	12	2	88	88	金卡
2	19622968	12	2	66	66	白金卡
2	19622968	12	2	99	99	钻石卡
2	19622975	9	4	6818	6818	金卡
2	19622977	9	5	80450	80459	金卡
2	19622977	9	5	80464	80464	金卡
2	19622977	9	5	80467	80469	金卡
2	19622979	9	2	66	66	金卡
2	19622979	9	2	99	99	白金卡
2	19622979	9	2	88	88	钻石卡
2	19622980	13	1	5	5	普卡
2	19622980	13	1	6	6	金卡
2	19622980	13	1	7	7	白金卡
2	19622980	13	1	8	8	钻石卡
2	19622992	9	3	70	70	金卡
2	19622992	9	3	80	80	白金卡
2	19622992	9	3	90	90	钻石卡
2	19622993	12	2	4	4	金卡
2	19622993	12	2	5	5	白金卡
2	19622993	12	2	6	6	钻石卡
2	19623003	9	2	88	88	金卡
2	19623003	9	2	99	99	白金卡
2	19623007	9	1	2	2	金卡
2	19623007	9	1	6	6	白金卡
2	19623007	9	1	8	8	钻石卡
2	19623019	12	2	16	16	金卡
2	19623019	12	2	17	17	白金卡
2	19623025	9	2	81	90	金卡
2	19623025	9	2	91	95	白金卡
2	19623025	9	2	96	99	钻石卡
2	19623027	11	3	8	8	白金卡
2	19623027	11	3	888	888	白金卡
2	19623027	11	3	9	9	钻石卡
2	19623027	11	3	999	999	钻石卡
2	19623032	9	1	2	2	金卡
2	19623032	9	1	3	3	白金卡
2	19623032	9	1	4	4	钻石卡
2	19623033	9	1	5	5	金卡
2	19623033	9	1	6	6	白金卡
2	19623033	9	1	8	8	钻石卡
2	19623036	9	2	13	61	金卡
2	19623036	9	2	0	12	白金卡
2	19623036	9	2	62	62	白金卡
2	19623037	11	2	2	2	金卡
2	19623037	11	2	8	8	白金卡
2	19623038	11	3	800	879	金卡
2	19623038	11	3	880	887	白金卡
2	19623038	11	3	888	888	钻石卡
2	19623048	9	1	2	2	金卡
2	19623048	9	1	8	8	钻石卡
2	19623051	12	2	88	88	金卡
2	19623051	12	2	66	66	白金卡
2	19623051	12	2	99	99	钻石卡
2	19623058	9	1	2	2	金卡
2	19623058	9	1	3	3	白金卡
2	19623058	9	1	4	5	钻石卡
2	19623060	9	4	6606	6606	白金卡
2	19623060	9	4	6608	6608	钻石卡
2	19623066	12	1	6	6	金卡
2	19623066	12	1	7	7	白金卡
2	19623068	9	1	2	2	金卡
2	19623068	9	1	6	6	白金卡
2	19623068	9	1	8	8	钻石卡
2	19623072	11	4	1021	1022	金卡
2	19623072	11	4	1031	1032	白金卡
2	19623072	11	4	1080	1080	白金卡
2	19623072	11	4	1061	1062	钻石卡
2	19623072	11	4	1090	1090	钻石卡
2	19623077	12	1	6	6	金卡
2	19623077	12	1	7	7	白金卡
2	19623077	12	1	8	8	钻石卡
2	19623078	9	2	2	2	金卡
2	19623078	9	2	3	3	白金卡
2	19623078	9	2	8	8	钻石卡
2	19623082	11	1	2	2	金卡
2	19623082	11	1	6	6	白金卡
2	19623082	11	1	8	8	钻石卡
2	19623084	9	1	6	6	金卡
2	19623084	9	1	8	8	白金卡
2	19623085	12	1	2	2	金卡
2	19623085	12	1	3	3	白金卡
2	19623085	12	1	8	8	钻石卡
2	19623087	9	1	2	2	金卡
2	19623088	11	1	6	6	金卡
2	19623088	11	1	8	8	白金卡
2	19623088	11	1	9	9	钻石卡
2	19623089	9	5	64070	64070	金卡
2	19623089	9	5	64080	64080	白金卡
2	19623091	9	2	3	3	金卡
2	19623091	9	2	1	2	白金卡
2	19623091	9	2	4	12	白金卡
2	19623095	10	1	7	7	金卡
2	19623095	10	1	8	8	白金卡
2	19623095	10	1	9	9	钻石卡
2	19623096	9	2	66	66	金卡
2	19623096	9	2	88	88	白金卡
2	19623096	9	2	99	99	钻石卡
2	19623097	12	1	2	2	金卡
2	19623097	12	1	8	8	钻石卡
2	19623098	9	3	11	11	金卡
2	19623099	9	2	30	30	金卡
2	19623099	9	2	60	60	白金卡
2	19623099	9	2	40	40	钻石卡
2	19623101	11	2	66	66	金卡
2	19623101	11	2	77	77	白金卡
2	19623101	11	2	88	88	钻石卡
2	19623103	11	2	3	3	金卡
2	19623109	9	1	2	2	金卡
2	19623109	9	1	6	6	白金卡
2	19623109	9	1	8	8	钻石卡
2	19623112	9	2	50	59	金卡
2	19623112	9	2	60	69	白金卡
2	19623112	9	2	88	89	白金卡
2	19623113	9	1	6	6	金卡
2	19623113	9	1	9	9	钻石卡
2	19623118	9	2	6	6	金卡
2	19623118	9	2	8	8	白金卡
2	19623118	9	2	9	9	钻石卡
2	19623119	9	1	2	2	金卡
2	19623119	9	1	6	6	白金卡
2	19623119	9	1	8	8	钻石卡
2	19623120	9	1	6	6	金卡
2	19623120	9	1	9	9	白金卡
2	19623120	9	1	8	8	钻石卡
2	19623121	9	1	2	2	金卡
2	19623121	9	1	3	3	白金卡
2	19623121	9	1	4	4	钻石卡
2	19623122	11	1	7	7	金卡
2	19623122	11	1	8	8	白金卡
2	19623122	11	1	9	9	钻石卡
2	19623127	11	2	66	66	金卡
2	19623127	11	2	88	88	白金卡
2	19623127	11	2	99	99	钻石卡
2	19623128	11	2	87	87	金卡
2	19623128	11	2	88	88	白金卡
2	19623133	9	3	70	70	金卡
2	19623133	9	3	80	80	白金卡
2	19623133	9	3	90	90	钻石卡
2	19623135	13	1	6	6	金卡
2	19623135	13	1	7	7	白金卡
2	19623135	13	1	8	8	钻石卡
2	19623138	12	1	6	7	金卡
2	19623138	12	1	8	8	白金卡
2	19623138	12	1	9	9	钻石卡
2	19623151	9	2	33	33	金卡
2	19623151	9	2	36	36	白金卡
2	19623151	9	2	39	39	钻石卡
2	19623152	9	4	1003	1003	金卡
2	19623152	9	4	1006	1006	白金卡
2	19623152	9	4	1009	1009	钻石卡
2	19623153	9	1	2	2	金卡
2	19623153	9	1	6	6	白金卡
2	19623153	9	1	8	8	钻石卡
2	19623160	9	2	66	66	金卡
2	19623160	9	2	88	88	白金卡
2	19623160	9	2	99	99	钻石卡
2	19623161	9	2	29	29	金卡
2	19623162	9	2	20	20	金卡
2	19623162	9	2	66	66	白金卡
2	19623168	9	4	5	5	金卡
2	19623168	9	4	6	6	白金卡
2	19623168	9	4	8	8	钻石卡
2	19623169	11	1	6	6	金卡
2	19623169	11	1	8	8	白金卡
2	19623169	11	1	9	9	钻石卡
2	19623170	11	1	5	5	金卡
2	19623170	11	1	3	3	白金卡
2	19623170	11	1	0	2	钻石卡
2	19623171	9	4	1112	1112	金卡
2	19623172	12	2	86	86	金卡
2	19623172	12	2	87	87	白金卡
2	19623172	12	2	88	89	钻石卡
2	19623175	13	1	7	7	金卡
2	19623175	13	1	8	8	白金卡
2	19623177	9	4	8201	8201	白金卡
2	19623177	9	4	8202	8202	钻石卡
2	19623178	9	3	666	666	金卡
2	19623178	9	3	888	888	白金卡
2	19623178	9	3	999	999	钻石卡
2	19623179	9	1	6	6	金卡
2	19623179	9	1	8	8	白金卡
2	19623179	9	1	9	9	钻石卡
2	19623180	9	2	7	7	金卡
2	19623180	9	2	8	8	白金卡
2	19623180	9	2	9	9	钻石卡
2	19623182	9	2	2	2	金卡
2	19623182	9	2	3	3	白金卡
2	19623182	9	2	6	6	钻石卡
2	19623187	9	2	18	18	钻石卡
2	19623189	12	2	2	2	金卡
2	19623189	12	2	3	3	白金卡
2	19623189	12	2	4	4	钻石卡
2	19623190	9	5	88887	88887	金卡
2	19623190	9	5	88888	88888	白金卡
2	19623190	9	5	88889	88889	钻石卡
2	19623197	9	1	1	1	金卡
2	19623197	9	1	2	2	白金卡
2	19623197	9	1	3	3	钻石卡
2	19623200	12	2	71	79	金卡
2	19623200	12	2	81	89	白金卡
2	19623200	12	2	91	99	钻石卡
2	19623205	13	2	2	2	金卡
2	19623205	13	2	3	3	白金卡
2	19623205	13	2	4	4	钻石卡
2	19623216	9	2	25	49	金卡
2	19623216	9	2	50	74	白金卡
2	19623216	9	2	75	99	钻石卡
2	19623252	9	1	2	2	金卡
2	19623252	9	1	6	6	白金卡
2	19623256	11	2	42	42	金卡
2	19623256	11	2	62	62	白金卡
2	19623259	11	2	92	92	金卡
2	19623259	11	2	96	96	白金卡
2	19623263	13	1	6	6	金卡
2	19623263	13	1	8	8	白金卡
2	19623264	9	2	55	55	金卡
2	19623264	9	2	66	66	白金卡
2	19623264	9	2	88	88	白金卡
2	19623265	9	3	111	111	金卡
2	19623265	9	3	138	138	金卡
2	19623265	9	4	1506	1506	金卡
2	19623265	9	4	906	906	金卡
2	19623265	9	4	916	916	金卡
2	19623265	9	4	926	926	金卡
2	19623265	9	4	936	936	金卡
2	19623265	9	4	946	946	金卡
2	19623265	9	4	956	956	金卡
2	19623265	9	4	966	966	金卡
2	19623265	9	4	976	976	金卡
2	19623265	9	4	986	986	金卡
2	19623265	9	4	996	996	金卡
2	19623265	9	4	288	288	金卡
2	19623265	9	4	325	349	金卡
2	19623265	9	3	166	166	金卡
2	19623265	9	3	186	186	金卡
2	19623265	9	4	1902	1902	金卡
2	19623265	9	9	216000000	216999999	金卡
2	19623265	9	3	116	116	白金卡
2	19623265	9	3	139	139	白金卡
2	19623265	9	4	1508	1508	白金卡
2	19623265	9	4	907	907	白金卡
2	19623265	9	4	917	917	白金卡
2	19623265	9	4	927	927	白金卡
2	19623265	9	4	937	937	白金卡
2	19623265	9	4	947	947	白金卡
2	19623265	9	4	957	957	白金卡
2	19623265	9	4	967	967	白金卡
2	19623265	9	4	977	977	白金卡
2	19623265	9	4	987	987	白金卡
2	19623265	9	4	997	997	白金卡
2	19623265	9	4	266	266	白金卡
2	19623265	9	4	350	374	白金卡
2	19623265	9	3	188	188	白金卡
2	19623265	9	4	1903	1903	白金卡
2	19623265	9	9	218000000	218999999	白金卡
2	19623265	9	3	118	118	钻石卡
2	19623265	9	4	1509	1509	钻石卡
2	19623265	9	4	909	909	钻石卡
2	19623265	9	4	919	919	钻石卡
2	19623265	9	4	929	929	钻石卡
2	19623265	9	4	939	939	钻石卡
2	19623265	9	4	949	949	钻石卡
2	19623265	9	4	959	959	钻石卡
2	19623265	9	4	969	969	钻石卡
2	19623265	9	4	979	979	钻石卡
2	19623265	9	4	989	989	钻石卡
2	19623265	9	4	999	999	钻石卡
2	19623265	9	4	375	399	钻石卡
2	19623265	9	3	189	189	钻石卡
2	19623265	9	4	1906	1906	钻石卡
2	19623267	12	1	6	6	金卡
2	19623267	12	1	7	7	白金卡
2	19623267	12	1	9	9	钻石卡
2	19623501	9	2	81	90	金卡
2	19623501	9	2	91	95	白金卡
2	19623501	9	2	96	99	钻石卡
2	19623504	9	5	311	320	金卡
2	19623504	9	4	26	26	金卡
2	19623504	9	5	321	330	白金卡
2	19623504	9	5	331	340	钻石卡
2	19623506	11	2	39	39	金卡
2	19623506	11	2	28	28	白金卡
2	19623506	11	2	58	58	钻石卡
2	19623509	9	1	2	2	金卡
2	19623509	9	1	6	6	白金卡
2	19623509	9	1	8	8	钻石卡
2	19623510	9	1	6	6	金卡
2	19623511	13	2	2	2	金卡
2	19623511	13	2	3	3	白金卡
2	19623511	13	2	4	4	钻石卡
2	19623516	9	2	88	88	金卡
2	19623516	9	2	66	66	白金卡
2	19623516	9	2	99	99	钻石卡
2	19623517	12	2	51	60	金卡
2	19623517	12	2	61	85	白金卡
2	19623517	12	2	86	99	钻石卡
2	19623518	9	2	6	7	金卡
2	19623518	9	2	8	8	白金卡
2	19623518	9	2	9	9	钻石卡
2	19623518	9	2	88	88	钻石卡
2	19623521	9	1	2	2	金卡
2	19623521	9	1	6	6	白金卡
2	19623521	9	1	8	8	钻石卡
2	19623530	9	4	9539	9539	金卡
2	19623531	11	2	90	97	金卡
2	19623531	11	2	98	98	白金卡
2	19623531	11	2	99	99	钻石卡
2	19623533	12	2	88	88	金卡
2	19623537	11	2	88	88	金卡
2	19623551	9	1	5	5	金卡
2	19623555	9	2	2	2	金卡
2	19623555	9	2	4	4	金卡
2	19623555	9	2	5	6	白金卡
2	19623565	9	2	1	59	金卡
2	19623565	9	2	60	79	白金卡
2	19623565	9	2	80	99	钻石卡
2	19623565	9	2	0	0	钻石卡
2	19623568	9	1	2	2	金卡
2	19623568	9	1	6	6	白金卡
2	19623568	9	1	8	8	钻石卡
2	19623570	11	2	11	12	金卡
2	19623570	11	2	13	13	白金卡
2	19623570	11	2	14	14	钻石卡
2	19623577	9	2	0	0	金卡
2	19623578	9	2	50	59	金卡
2	19623578	9	2	60	69	白金卡
2	19623578	9	2	88	89	白金卡
2	19623582	9	2	66	66	金卡
2	19623582	9	2	99	99	白金卡
2	19623582	9	2	88	88	钻石卡
2	19623583	9	5	3700	3799	金卡
2	19623583	9	5	3800	3899	白金卡
2	19623583	9	5	3900	3999	钻石卡
2	19623587	12	1	6	9	金卡
2	19623589	9	5	1011	1020	金卡
2	19623589	9	5	611	620	金卡
2	19623589	9	5	43111	43120	金卡
2	19623589	9	5	45111	45120	金卡
2	19623589	9	5	1311	1320	金卡
2	19623589	9	5	1411	1420	金卡
2	19623589	9	6	755250	755499	金卡
2	19623589	9	5	1811	1820	金卡
2	19623589	9	5	211	220	金卡
2	19623589	9	5	711	720	金卡
2	19623589	9	5	1511	1520	金卡
2	19623589	9	5	1711	1720	金卡
2	19623589	9	5	411	420	金卡
2	19623589	9	5	1911	1920	金卡
2	19623589	9	5	1611	1620	金卡
2	19623589	9	5	1211	1220	金卡
2	19623589	9	5	2011	2020	金卡
2	19623589	9	5	1111	1120	金卡
2	19623589	9	5	111	120	金卡
2	19623589	9	5	511	520	金卡
2	19623589	9	5	911	920	金卡
2	19623589	9	5	94311	94320	金卡
2	19623589	9	5	811	820	金卡
2	19623589	9	5	311	320	金卡
2	19623589	9	5	45121	45130	白金卡
2	19623589	9	5	1021	1030	白金卡
2	19623589	9	5	621	630	白金卡
2	19623589	9	5	43121	43130	白金卡
2	19623589	9	5	1421	1430	白金卡
2	19623589	9	5	221	230	白金卡
2	19623589	9	5	1321	1330	白金卡
2	19623589	9	6	755500	755749	白金卡
2	19623589	9	5	1821	1830	白金卡
2	19623589	9	5	721	730	白金卡
2	19623589	9	5	1521	1530	白金卡
2	19623589	9	5	1721	1730	白金卡
2	19623589	9	5	421	430	白金卡
2	19623589	9	5	1921	1930	白金卡
2	19623589	9	5	1621	1630	白金卡
2	19623589	9	5	1221	1230	白金卡
2	19623589	9	5	2021	2030	白金卡
2	19623589	9	5	1121	1130	白金卡
2	19623589	9	5	121	130	白金卡
2	19623589	9	5	521	530	白金卡
2	19623589	9	5	921	930	白金卡
2	19623589	9	5	94321	94330	白金卡
2	19623589	9	5	821	830	白金卡
2	19623589	9	5	321	330	白金卡
2	19623589	9	5	45131	45140	钻石卡
2	19623589	9	5	1031	1040	钻石卡
2	19623589	9	5	631	640	钻石卡
2	19623589	9	5	43131	43140	钻石卡
2	19623589	9	5	1431	1440	钻石卡
2	19623589	9	5	1331	1340	钻石卡
2	19623589	9	6	755750	755999	钻石卡
2	19623589	9	5	1831	1840	钻石卡
2	19623589	9	5	231	240	钻石卡
2	19623589	9	5	731	740	钻石卡
2	19623589	9	5	1531	1540	钻石卡
2	19623589	9	5	1731	1740	钻石卡
2	19623589	9	5	431	440	钻石卡
2	19623589	9	5	1931	1940	钻石卡
2	19623589	9	5	1631	1640	钻石卡
2	19623589	9	5	1231	1240	钻石卡
2	19623589	9	5	2031	2040	钻石卡
2	19623589	9	5	1131	1140	钻石卡
2	19623589	9	5	131	140	钻石卡
2	19623589	9	5	531	540	钻石卡
2	19623589	9	5	931	940	钻石卡
2	19623589	9	5	94331	94340	钻石卡
2	19623589	9	5	831	840	钻石卡
2	19623589	9	5	331	340	钻石卡
2	19623592	11	1	1	1	金卡
2	19623592	11	1	6	6	白金卡
2	19623592	11	1	8	8	钻石卡
2	19623606	11	1	5	5	金卡
2	19623606	11	1	6	6	白金卡
2	19623608	12	2	2	2	金卡
2	19623608	12	2	3	3	白金卡
2	19623608	12	2	4	4	钻石卡
2	19623611	9	2	66	66	金卡
2	19623611	9	2	99	99	钻石卡
2	19623688	9	1	6	6	金卡
2	19623688	9	1	8	8	白金卡
2	19623688	9	1	9	9	钻石卡